Date,Open,High,Low,Close,Adj Close,Volume
2011-01-03,23.020000457763672,23.850000381469727,22.8799991607666,23.75,21.024681091308594,576400
2011-01-04,23.690000534057617,24.149999618530273,23.6299991607666,23.81999969482422,21.086647033691406,505600
2011-01-05,23.709999084472656,23.940000534057617,23.280000686645508,23.75,21.024681091308594,502000
2011-01-06,23.510000228881836,23.760000228881836,23.260000228881836,23.600000381469727,20.89189338684082,310900
2011-01-07,23.600000381469727,23.850000381469727,23.530000686645508,23.809999465942383,21.07779312133789,288900
2011-01-10,23.600000381469727,24.450000762939453,23.420000076293945,24.260000228881836,21.476154327392578,343700
2011-01-11,24.40999984741211,24.459999084472656,23.899999618530273,23.979999542236328,21.22829246520996,372300
2011-01-12,24.049999237060547,24.239999771118164,23.709999084472656,23.940000534057617,21.192873001098633,379400
2011-01-13,23.93000030517578,24.0,23.329999923706055,23.540000915527344,20.83877182006836,303700
2011-01-14,23.43000030517578,23.889999389648438,23.360000610351562,23.799999237060547,21.068946838378906,299400
2011-01-18,23.729999542236328,23.90999984741211,23.450000762939453,23.59000015258789,20.883039474487305,204500
2011-01-19,23.530000686645508,23.670000076293945,23.1200008392334,23.200000762939453,20.537792205810547,299500
2011-01-20,23.139999389648438,23.350000381469727,22.899999618530273,23.0,20.360740661621094,201700
2011-01-21,23.079999923706055,23.229999542236328,22.899999618530273,23.200000762939453,20.537792205810547,250000
2011-01-24,23.100000381469727,23.350000381469727,22.950000762939453,23.100000381469727,20.44926643371582,157400
2011-01-25,23.0,23.040000915527344,22.799999237060547,22.940000534057617,20.30763053894043,107300
2011-01-26,23.0,23.229999542236328,22.959999084472656,23.190000534057617,20.52893829345703,249900
2011-01-27,23.270000457763672,23.290000915527344,22.8700008392334,23.149999618530273,20.493528366088867,211700
2011-01-28,23.010000228881836,23.079999923706055,22.649999618530273,22.969999313354492,20.334182739257812,324500
2011-01-31,23.010000228881836,23.010000228881836,22.43000030517578,23.010000228881836,20.369600296020508,495700
2011-02-01,23.079999923706055,23.110000610351562,22.899999618530273,22.950000762939453,20.316482543945312,324300
2011-02-02,22.860000610351562,23.3700008392334,22.719999313354492,23.25,20.582054138183594,364700
2011-02-03,23.219999313354492,23.889999389648438,23.219999313354492,23.780000686645508,21.05124282836914,443600
2011-02-04,23.829999923706055,24.079999923706055,23.770000457763672,23.979999542236328,21.22829246520996,430800
2011-02-07,24.0,24.34000015258789,24.0,24.299999237060547,21.511566162109375,305800
2011-02-08,24.15999984741211,24.479999542236328,24.020000457763672,24.469999313354492,21.662059783935547,388000
2011-02-09,24.479999542236328,27.579999923706055,24.420000076293945,25.510000228881836,22.58271598815918,5430700
2011-02-10,26.0,27.139999389648438,25.18000030517578,26.8700008392334,23.78665542602539,2210500
2011-02-11,27.100000381469727,27.190000534057617,25.75,26.31999969482422,23.299774169921875,1090700
2011-02-14,26.5,28.200000762939453,26.350000381469727,27.84000015258789,24.645353317260742,1706300
2011-02-15,27.899999618530273,27.899999618530273,26.139999389648438,26.209999084472656,23.202394485473633,1408300
2011-02-16,26.309999465942383,26.700000762939453,25.75,26.31999969482422,23.299774169921875,793200
2011-02-17,26.510000228881836,27.440000534057617,26.31999969482422,27.309999465942383,24.176166534423828,833900
2011-02-18,27.420000076293945,27.75,26.809999465942383,27.110000610351562,23.999114990234375,860200
2011-02-22,26.979999542236328,26.979999542236328,25.899999618530273,25.969999313354492,22.98993682861328,653600
2011-02-23,26.25,27.299999237060547,25.649999618530273,26.389999389648438,23.361738204956055,1291800
2011-02-24,26.5,27.6299991607666,26.229999542236328,27.520000457763672,24.362071990966797,958700
2011-02-25,28.420000076293945,29.5,28.010000228881836,29.43000030517578,26.052900314331055,2222900
2011-02-28,29.5,29.770000457763672,28.850000381469727,29.59000015258789,26.194541931152344,1035900
2011-03-01,29.59000015258789,29.59000015258789,27.790000915527344,27.8700008392334,24.67190933227539,1093700
2011-03-02,27.93000030517578,28.149999618530273,27.450000762939453,27.59000015258789,24.51198959350586,861300
2011-03-03,27.90999984741211,28.600000381469727,27.84000015258789,28.1200008392334,24.98285675048828,768800
2011-03-04,28.209999084472656,28.209999084472656,27.6200008392334,27.93000030517578,24.814058303833008,412400
2011-03-07,28.09000015258789,28.489999771118164,27.790000915527344,28.3799991607666,25.21385383605957,519500
2011-03-08,28.299999237060547,28.5,27.899999618530273,28.440000534057617,25.267160415649414,418800
2011-03-09,28.479999542236328,28.5,28.09000015258789,28.389999389648438,25.22273826599121,426100
2011-03-10,28.0,28.190000534057617,26.899999618530273,26.950000762939453,23.94338607788086,1441000
2011-03-11,26.899999618530273,27.889999389648438,26.899999618530273,27.770000457763672,24.67190933227539,415100
2011-03-14,27.299999237060547,28.049999237060547,27.010000228881836,27.950000762939453,24.831825256347656,507200
2011-03-15,27.15999984741211,27.799999237060547,27.040000915527344,27.559999465942383,24.485336303710938,720200
2011-03-16,27.5,28.040000915527344,27.3700008392334,27.700000762939453,24.609718322753906,491800
2011-03-17,27.899999618530273,28.059999465942383,27.700000762939453,27.81999969482422,24.716327667236328,427700
2011-03-18,28.0,28.1299991607666,27.639999389648438,27.780000686645508,24.68079376220703,711300
2011-03-21,28.0,28.31999969482422,27.790000915527344,28.139999389648438,25.00062370300293,394200
2011-03-22,28.149999618530273,28.81999969482422,28.110000610351562,28.75,25.542577743530273,491300
2011-03-23,28.770000457763672,29.100000381469727,28.459999084472656,28.989999771118164,25.755794525146484,529200
2011-03-24,29.0,29.299999237060547,28.729999542236328,29.25,25.98679542541504,466400
2011-03-25,29.290000915527344,29.31999969482422,29.0,29.09000015258789,25.84464454650879,201900
2011-03-28,29.209999084472656,29.25,28.600000381469727,28.670000076293945,25.471500396728516,192500
2011-03-29,28.709999084472656,29.0,28.520000457763672,28.690000534057617,25.489269256591797,147100
2011-03-30,28.809999465942383,29.079999923706055,28.399999618530273,29.010000228881836,25.773574829101562,202300
2011-03-31,29.0,29.100000381469727,28.809999465942383,28.969999313354492,25.738033294677734,254200
2011-04-01,29.25,29.399999618530273,27.3700008392334,27.510000228881836,24.4409122467041,1516100
2011-04-04,27.43000030517578,28.0,27.209999084472656,27.700000762939453,24.609718322753906,513600
2011-04-05,27.469999313354492,27.770000457763672,27.399999618530273,27.56999969482422,24.49422264099121,326900
2011-04-06,27.59000015258789,27.649999618530273,26.8700008392334,26.969999313354492,23.961153030395508,549700
2011-04-07,26.969999313354492,27.600000381469727,26.950000762939453,27.010000228881836,23.996702194213867,304100
2011-04-08,27.25,27.3700008392334,26.790000915527344,26.8799991607666,23.881202697753906,187400
2011-04-11,26.979999542236328,27.239999771118164,26.729999542236328,26.889999389648438,23.89008331298828,234100
2011-04-12,26.84000015258789,26.989999771118164,26.610000610351562,26.780000686645508,23.792360305786133,217200
2011-04-13,26.90999984741211,27.0,26.540000915527344,26.850000381469727,23.854543685913086,109500
2011-04-14,26.75,27.239999771118164,26.65999984741211,27.020000457763672,24.005582809448242,174600
2011-04-15,27.020000457763672,27.350000381469727,27.010000228881836,27.170000076293945,24.13884162902832,175000
2011-04-18,26.93000030517578,27.229999542236328,26.760000228881836,26.920000076293945,23.9167423248291,177900
2011-04-19,26.93000030517578,27.0,26.6299991607666,26.670000076293945,23.694629669189453,164500
2011-04-20,27.0,27.09000015258789,26.6200008392334,26.850000381469727,23.854543685913086,195500
2011-04-21,27.0,27.149999618530273,26.75,27.100000381469727,24.07665252685547,152700
2011-04-25,27.0,27.25,26.639999389648438,26.81999969482422,23.82788848876953,192100
2011-04-26,26.829999923706055,27.149999618530273,26.729999542236328,26.860000610351562,23.863426208496094,124800
2011-04-27,26.989999771118164,27.190000534057617,26.75,27.190000534057617,24.156612396240234,143400
2011-04-28,27.170000076293945,27.479999542236328,27.020000457763672,27.350000381469727,24.298768997192383,236300
2011-04-29,27.329999923706055,27.329999923706055,26.549999237060547,26.81999969482422,23.82788848876953,149000
2011-05-02,26.81999969482422,26.950000762939453,26.3799991607666,26.81999969482422,23.82788848876953,193000
2011-05-03,26.81999969482422,26.950000762939453,26.520000457763672,26.799999237060547,23.810123443603516,194600
2011-05-04,26.75,27.0,25.93000030517578,26.280000686645508,23.34813690185547,413400
2011-05-05,25.989999771118164,26.610000610351562,25.950000762939453,26.329999923706055,23.39255714416504,267600
2011-05-06,26.440000534057617,26.729999542236328,26.079999923706055,26.329999923706055,23.39255714416504,237000
2011-05-09,26.270000457763672,27.040000915527344,26.059999465942383,26.81999969482422,23.82788848876953,297200
2011-05-10,26.799999237060547,27.049999237060547,26.649999618530273,26.959999084472656,23.9522705078125,238400
2011-05-11,26.969999313354492,27.5,26.719999313354492,27.030000686645508,24.014463424682617,297200
2011-05-12,26.950000762939453,27.469999313354492,26.610000610351562,27.15999984741211,24.129961013793945,255100
2011-05-13,27.1200008392334,27.299999237060547,26.899999618530273,26.940000534057617,23.93450927734375,151800
2011-05-16,27.010000228881836,27.84000015258789,27.010000228881836,27.639999389648438,24.556415557861328,588600
2011-05-17,27.65999984741211,28.440000534057617,27.649999618530273,28.040000915527344,24.911785125732422,704500
2011-05-18,28.0,28.40999984741211,27.780000686645508,27.860000610351562,24.751867294311523,434100
2011-05-19,28.010000228881836,28.3799991607666,27.959999084472656,28.049999237060547,24.920671463012695,610600
2011-05-20,28.010000228881836,28.469999313354492,28.010000228881836,28.170000076293945,25.027286529541016,530700
2011-05-23,27.8799991607666,28.059999465942383,27.549999237060547,27.93000030517578,24.814058303833008,409600
2011-05-24,27.100000381469727,27.5,26.510000228881836,26.639999389648438,23.667972564697266,752200
2011-05-25,26.510000228881836,26.59000015258789,25.799999237060547,25.90999984741211,23.0194149017334,781300
2011-05-26,25.84000015258789,26.049999237060547,25.6200008392334,25.709999084472656,22.841726303100586,294400
2011-05-27,25.940000534057617,26.010000228881836,25.510000228881836,25.8700008392334,22.983875274658203,371300
2011-05-31,25.950000762939453,26.520000457763672,25.700000762939453,26.31999969482422,23.38367462158203,1484800
2011-06-01,26.200000762939453,26.209999084472656,25.149999618530273,25.170000076293945,22.447256088256836,258000
2011-06-02,25.170000076293945,25.5,25.0,25.469999313354492,22.71480369567871,312900
2011-06-03,25.200000762939453,25.739999771118164,25.030000686645508,25.530000686645508,22.768314361572266,324900
2011-06-06,25.290000915527344,25.690000534057617,24.530000686645508,24.56999969482422,21.912160873413086,852000
2011-06-07,24.700000762939453,24.700000762939453,23.780000686645508,24.360000610351562,21.724882125854492,707700
2011-06-08,23.3799991607666,24.219999313354492,23.3700008392334,23.75,21.18086814880371,706800
2011-06-09,23.799999237060547,24.559999465942383,23.729999542236328,24.459999084472656,21.81406021118164,324100
2011-06-10,24.440000534057617,24.729999542236328,23.8700008392334,24.260000228881836,21.635692596435547,363200
2011-06-13,24.43000030517578,24.690000534057617,24.270000457763672,24.360000610351562,21.724882125854492,572600
2011-06-14,24.530000686645508,24.610000610351562,24.149999618530273,24.200000762939453,21.582189559936523,601400
2011-06-15,24.110000610351562,24.110000610351562,23.68000030517578,23.770000457763672,21.198705673217773,976600
2011-06-16,23.709999084472656,23.84000015258789,23.329999923706055,23.399999618530273,20.868724822998047,1178500
2011-06-17,23.56999969482422,23.979999542236328,23.510000228881836,23.790000915527344,21.216541290283203,1270300
2011-06-20,23.700000762939453,23.780000686645508,23.40999984741211,23.770000457763672,21.198705673217773,415900
2011-06-21,23.920000076293945,24.479999542236328,23.889999389648438,24.290000915527344,21.662445068359375,745500
2011-06-22,24.25,24.559999465942383,24.06999969482422,24.3700008392334,21.733802795410156,623800
2011-06-23,24.18000030517578,24.329999923706055,24.0,24.110000610351562,21.501920700073242,639500
2011-06-24,24.049999237060547,24.280000686645508,23.600000381469727,24.100000381469727,21.493003845214844,4107000
2011-06-27,24.06999969482422,24.239999771118164,23.700000762939453,23.719999313354492,21.154109954833984,767900
2011-06-28,23.8799991607666,24.260000228881836,23.43000030517578,24.1200008392334,21.51083755493164,414300
2011-06-29,24.170000076293945,24.450000762939453,23.729999542236328,24.389999389648438,21.751628875732422,532800
2011-06-30,24.350000381469727,25.0,24.219999313354492,24.600000381469727,21.938920974731445,531800
2011-07-01,24.530000686645508,24.770000457763672,24.420000076293945,24.719999313354492,22.045934677124023,455600
2011-07-05,24.729999542236328,24.959999084472656,24.59000015258789,24.770000457763672,22.09052085876465,414500
2011-07-06,24.729999542236328,25.0,24.610000610351562,24.809999465942383,22.126201629638672,363000
2011-07-07,24.90999984741211,25.1299991607666,24.549999237060547,24.940000534057617,22.242137908935547,433900
2011-07-08,24.59000015258789,25.020000457763672,24.459999084472656,24.65999984741211,21.99242401123047,268300
2011-07-11,24.31999969482422,24.43000030517578,23.709999084472656,23.790000915527344,21.216541290283203,292200
2011-07-12,23.68000030517578,24.209999084472656,23.459999084472656,23.969999313354492,21.377063751220703,301500
2011-07-13,23.989999771118164,24.239999771118164,23.670000076293945,23.709999084472656,21.14518928527832,273900
2011-07-14,23.690000534057617,23.790000915527344,23.280000686645508,23.420000076293945,20.88655662536621,327900
2011-07-15,23.530000686645508,23.549999237060547,22.690000534057617,23.049999237060547,20.556583404541016,627800
2011-07-18,23.079999923706055,23.260000228881836,22.530000686645508,22.860000610351562,20.387136459350586,330900
2011-07-19,22.920000076293945,23.110000610351562,22.559999465942383,23.040000915527344,20.54766845703125,265600
2011-07-20,23.110000610351562,23.450000762939453,22.979999542236328,23.360000610351562,20.833057403564453,234400
2011-07-21,23.399999618530273,23.84000015258789,23.149999618530273,23.690000534057617,21.127351760864258,348000
2011-07-22,23.670000076293945,23.729999542236328,23.200000762939453,23.200000762939453,20.690357208251953,242200
2011-07-25,23.270000457763672,24.170000076293945,22.989999771118164,23.790000915527344,21.216541290283203,433700
2011-07-26,23.739999771118164,23.920000076293945,23.479999542236328,23.729999542236328,21.163028717041016,263200
2011-07-27,23.649999618530273,23.649999618530273,23.079999923706055,23.209999084472656,20.69927978515625,333900
2011-07-28,23.209999084472656,23.350000381469727,22.959999084472656,23.06999969482422,20.574419021606445,205800
2011-07-29,22.81999969482422,23.239999771118164,22.65999984741211,23.040000915527344,20.54766845703125,253600
2011-08-01,23.190000534057617,23.309999465942383,22.600000381469727,22.829999923706055,20.36038589477539,355700
2011-08-02,22.700000762939453,22.889999389648438,22.489999771118164,22.520000457763672,20.083919525146484,263100
2011-08-03,22.84000015258789,22.989999771118164,22.469999313354492,22.8799991607666,20.40497398376465,465200
2011-08-04,22.520000457763672,23.200000762939453,21.719999313354492,21.780000686645508,19.423967361450195,817900
2011-08-05,22.719999313354492,23.0,21.920000076293945,22.780000686645508,20.315792083740234,1086900
2011-08-08,22.469999313354492,22.729999542236328,21.649999618530273,21.670000076293945,19.32586097717285,711400
2011-08-09,22.030000686645508,23.3700008392334,21.549999237060547,23.31999969482422,20.797372817993164,977900
2011-08-10,22.75,23.059999465942383,22.200000762939453,22.280000686645508,19.86988067626953,805900
2011-08-11,22.3799991607666,23.989999771118164,22.290000915527344,23.899999618530273,21.314638137817383,1115800
2011-08-12,24.049999237060547,24.190000534057617,23.489999771118164,23.600000381469727,21.047090530395508,620100
2011-08-15,23.920000076293945,24.190000534057617,23.860000610351562,24.190000534057617,21.573265075683594,550000
2011-08-16,23.989999771118164,24.25,23.290000915527344,23.959999084472656,21.36815071105957,596400
2011-08-17,24.09000015258789,24.09000015258789,23.520000457763672,23.780000686645508,21.207618713378906,457100
2011-08-18,23.1299991607666,23.520000457763672,22.84000015258789,22.8799991607666,20.40497398376465,787500
2011-08-19,22.3700008392334,23.329999923706055,22.260000228881836,23.200000762939453,20.690357208251953,491600
2011-08-22,23.579999923706055,23.8700008392334,22.399999618530273,22.6200008392334,20.173097610473633,358500
2011-08-23,22.639999389648438,23.049999237060547,22.56999969482422,23.040000915527344,20.54766845703125,443600
2011-08-24,23.010000228881836,23.829999923706055,22.59000015258789,23.799999237060547,21.2254581451416,401500
2011-08-25,23.8799991607666,24.049999237060547,23.09000015258789,23.309999465942383,20.788461685180664,214400
2011-08-26,23.149999618530273,24.510000228881836,23.030000686645508,24.510000228881836,21.85865592956543,745200
2011-08-29,24.84000015258789,25.100000381469727,24.719999313354492,24.989999771118164,22.28672981262207,615000
2011-08-30,24.950000762939453,25.06999969482422,24.6200008392334,24.959999084472656,22.259971618652344,435900
2011-08-31,24.84000015258789,25.299999237060547,24.440000534057617,25.25,22.62738800048828,826900
2011-09-01,25.270000457763672,25.299999237060547,24.690000534057617,24.729999542236328,22.161396026611328,423500
2011-09-02,24.489999771118164,24.489999771118164,23.8799991607666,24.030000686645508,21.534107208251953,698100
2011-09-06,23.360000610351562,24.229999542236328,23.139999389648438,24.190000534057617,21.677486419677734,1003800
2011-09-07,24.56999969482422,25.899999618530273,24.469999313354492,25.8700008392334,23.18299102783203,1669300
2011-09-08,25.709999084472656,26.0,25.549999237060547,25.579999923706055,22.92310905456543,983400
2011-09-09,25.3799991607666,26.110000610351562,25.15999984741211,25.670000076293945,23.003765106201172,1646700
2011-09-12,25.440000534057617,26.329999923706055,25.3700008392334,26.299999237060547,23.568326950073242,857100
2011-09-13,26.43000030517578,26.920000076293945,26.06999969482422,26.81999969482422,24.034320831298828,1030000
2011-09-14,26.959999084472656,27.0,26.3799991607666,26.81999969482422,24.034320831298828,678700
2011-09-15,26.940000534057617,26.940000534057617,26.25,26.34000015258789,23.60417366027832,712200
2011-09-16,26.489999771118164,27.290000915527344,26.350000381469727,27.280000686645508,24.4465389251709,2768000
2011-09-19,26.729999542236328,27.479999542236328,26.299999237060547,27.239999771118164,24.410694122314453,1026400
2011-09-20,27.290000915527344,27.549999237060547,27.030000686645508,27.09000015258789,24.276273727416992,565300
2011-09-21,27.110000610351562,27.290000915527344,26.350000381469727,26.3799991607666,23.640016555786133,749600
2011-09-22,25.670000076293945,27.020000457763672,25.670000076293945,26.969999313354492,24.16874122619629,835200
2011-09-23,26.65999984741211,26.889999389648438,26.219999313354492,26.600000381469727,23.83717155456543,654000
2011-09-26,26.809999465942383,27.010000228881836,26.139999389648438,27.010000228881836,24.204586029052734,452000
2011-09-27,27.190000534057617,27.6200008392334,27.030000686645508,27.15999984741211,24.339004516601562,699500
2011-09-28,27.15999984741211,27.15999984741211,26.290000915527344,26.350000381469727,23.61313247680664,523200
2011-09-29,26.889999389648438,26.899999618530273,25.079999923706055,25.719999313354492,23.04857063293457,951800
2011-09-30,25.209999084472656,25.209999084472656,23.6200008392334,24.469999313354492,21.928403854370117,1737900
2011-10-03,24.229999542236328,24.59000015258789,23.969999313354492,24.049999237060547,21.552030563354492,682000
2011-10-04,23.81999969482422,24.3799991607666,23.579999923706055,24.299999237060547,21.776060104370117,908600
2011-10-05,24.440000534057617,25.18000030517578,24.25,25.139999389648438,22.5288143157959,740300
2011-10-06,25.110000610351562,25.219999313354492,24.59000015258789,24.809999465942383,22.23308753967285,612900
2011-10-07,24.8700008392334,24.969999313354492,24.389999389648438,24.479999542236328,21.93736457824707,524500
2011-10-10,24.969999313354492,25.56999969482422,24.530000686645508,25.5,22.851423263549805,561100
2011-10-11,25.350000381469727,25.950000762939453,25.040000915527344,25.889999389648438,23.200912475585938,585300
2011-10-12,26.290000915527344,26.479999542236328,25.940000534057617,26.190000534057617,23.469755172729492,654000
2011-10-13,26.049999237060547,26.399999618530273,25.8799991607666,25.969999313354492,23.27260398864746,732800
2011-10-14,26.360000610351562,26.3799991607666,25.6299991607666,25.690000534057617,23.02168846130371,417600
2011-10-17,25.5,25.93000030517578,25.3700008392334,25.649999618530273,22.985843658447266,561100
2011-10-18,25.75,25.989999771118164,25.479999542236328,25.729999542236328,23.05753517150879,694000
2011-10-19,25.709999084472656,26.0,25.219999313354492,25.469999313354492,22.824539184570312,621000
2011-10-20,25.350000381469727,25.760000228881836,25.1200008392334,25.670000076293945,23.003765106201172,574100
2011-10-21,25.899999618530273,26.0,25.309999465942383,25.56999969482422,22.91415023803711,624600
2011-10-24,25.489999771118164,26.100000381469727,25.299999237060547,26.06999969482422,23.36222267150879,670200
2011-10-25,26.1200008392334,26.1200008392334,24.979999542236328,24.989999771118164,22.394393920898438,507700
2011-10-26,25.34000015258789,25.799999237060547,24.8799991607666,25.760000228881836,23.084421157836914,857900
2011-10-27,26.270000457763672,26.5,25.709999084472656,26.149999618530273,23.433910369873047,772300
2011-10-28,25.969999313354492,26.290000915527344,25.84000015258789,26.200000762939453,23.478710174560547,298000
2011-10-31,25.780000686645508,26.360000610351562,25.780000686645508,26.1299991607666,23.41598892211914,449000
2011-11-01,25.510000228881836,25.8700008392334,25.260000228881836,25.329999923706055,22.699077606201172,887800
2011-11-02,25.670000076293945,25.90999984741211,24.920000076293945,25.200000762939453,22.582582473754883,465900
2011-11-03,25.579999923706055,26.239999771118164,25.360000610351562,25.889999389648438,23.200912475585938,968500
2011-11-04,26.0,27.229999542236328,25.31999969482422,27.170000076293945,24.347965240478516,1426600
2011-11-07,27.25,27.940000534057617,27.170000076293945,27.690000534057617,24.8139591217041,1180300
2011-11-08,27.950000762939453,28.149999618530273,26.700000762939453,26.81999969482422,24.034320831298828,1172500
2011-11-09,26.15999984741211,26.889999389648438,26.15999984741211,26.5,23.74755859375,688400
2011-11-10,26.829999923706055,26.889999389648438,26.469999313354492,26.799999237060547,24.016399383544922,519200
2011-11-11,27.139999389648438,27.31999969482422,26.889999389648438,27.040000915527344,24.231468200683594,401400
2011-11-14,27.0,27.059999465942383,26.309999465942383,26.600000381469727,23.83717155456543,499300
2011-11-15,26.469999313354492,27.079999923706055,26.31999969482422,26.899999618530273,24.10601043701172,392800
2011-11-16,26.729999542236328,27.149999618530273,26.309999465942383,26.6200008392334,23.855093002319336,801700
2011-11-17,26.540000915527344,26.65999984741211,25.600000381469727,26.110000610351562,23.39806365966797,743900
2011-11-18,26.09000015258789,26.5,26.030000686645508,26.34000015258789,23.60417366027832,484700
2011-11-21,25.950000762939453,26.1200008392334,25.579999923706055,25.739999771118164,23.066495895385742,584000
2011-11-22,25.639999389648438,26.239999771118164,25.600000381469727,25.969999313354492,23.27260398864746,413400
2011-11-23,25.709999084472656,25.809999465942383,25.229999542236328,25.40999984741211,22.77077293395996,363600
2011-11-25,25.3799991607666,25.799999237060547,25.3799991607666,25.75,23.07545280456543,223500
2011-11-28,26.3700008392334,26.489999771118164,25.920000076293945,26.34000015258789,23.60417366027832,648300
2011-11-29,26.399999618530273,26.5,25.639999389648438,26.350000381469727,23.61313247680664,571900
2011-11-30,26.799999237060547,26.979999542236328,26.510000228881836,26.920000076293945,24.234302520751953,1930600
2011-12-01,26.770000457763672,27.18000030517578,26.700000762939453,27.020000457763672,24.324321746826172,657300
2011-12-02,27.18000030517578,27.440000534057617,26.520000457763672,26.56999969482422,23.919214248657227,855600
2011-12-05,26.780000686645508,26.90999984741211,26.360000610351562,26.600000381469727,23.946226119995117,569900
2011-12-06,26.459999084472656,26.559999465942383,26.049999237060547,26.239999771118164,23.62213706970215,442700
2011-12-07,26.020000457763672,26.299999237060547,26.0,26.260000228881836,23.640148162841797,552200
2011-12-08,26.06999969482422,26.3700008392334,26.010000228881836,26.239999771118164,23.62213706970215,483600
2011-12-09,26.209999084472656,26.65999984741211,26.1200008392334,26.600000381469727,23.946226119995117,382000
2011-12-12,26.239999771118164,26.360000610351562,25.889999389648438,26.1200008392334,23.51411247253418,696700
2011-12-13,26.059999465942383,26.299999237060547,25.479999542236328,25.6299991607666,23.072994232177734,599900
2011-12-14,25.1200008392334,25.540000915527344,25.1200008392334,25.299999237060547,22.775917053222656,628400
2011-12-15,25.59000015258789,26.0,25.329999923706055,25.6299991607666,23.072994232177734,690100
2011-12-16,25.670000076293945,26.020000457763672,25.600000381469727,25.969999313354492,23.379072189331055,684100
2011-12-19,26.0,26.15999984741211,25.65999984741211,25.770000457763672,23.19902992248535,564400
2011-12-20,26.100000381469727,26.399999618530273,25.989999771118164,26.25,23.631145477294922,455600
2011-12-21,26.420000076293945,26.459999084472656,25.979999542236328,26.25,23.631145477294922,353500
2011-12-22,25.729999542236328,25.899999618530273,25.3700008392334,25.440000534057617,22.901952743530273,672900
2011-12-23,25.610000610351562,26.34000015258789,25.5,26.229999542236328,23.613130569458008,528600
2011-12-27,26.200000762939453,26.40999984741211,25.780000686645508,26.170000076293945,23.55911636352539,349600
2011-12-28,26.209999084472656,26.309999465942383,25.739999771118164,25.989999771118164,23.397079467773438,272600
2011-12-29,25.920000076293945,26.25,25.75,25.81999969482422,23.244035720825195,427500
2011-12-30,25.809999465942383,26.0,25.110000610351562,25.860000610351562,23.280048370361328,527900
2012-01-03,26.1200008392334,26.219999313354492,25.90999984741211,25.969999313354492,23.379072189331055,443700
2012-01-04,25.799999237060547,25.920000076293945,25.3799991607666,25.579999923706055,23.027982711791992,392300
2012-01-05,25.459999084472656,25.459999084472656,25.149999618530273,25.350000381469727,22.82093048095703,321500
2012-01-06,25.34000015258789,25.6200008392334,25.040000915527344,25.06999969482422,22.568864822387695,531200
2012-01-09,25.190000534057617,25.239999771118164,24.690000534057617,25.020000457763672,22.523855209350586,435500
2012-01-10,25.229999542236328,25.270000457763672,24.440000534057617,25.100000381469727,22.595874786376953,1194000
2012-01-11,25.100000381469727,25.360000610351562,24.8700008392334,25.31999969482422,22.793920516967773,464100
2012-01-12,25.290000915527344,25.479999542236328,25.170000076293945,25.299999237060547,22.775917053222656,392500
2012-01-13,25.149999618530273,25.709999084472656,24.90999984741211,25.700000762939453,23.136009216308594,418100
2012-01-17,25.84000015258789,25.8700008392334,25.3700008392334,25.389999389648438,22.8569393157959,368600
2012-01-18,25.3799991607666,25.59000015258789,25.15999984741211,25.43000030517578,22.8929443359375,254900
2012-01-19,25.43000030517578,26.0,25.3700008392334,25.670000076293945,23.109004974365234,285900
2012-01-20,25.719999313354492,25.889999389648438,25.469999313354492,25.6299991607666,23.072994232177734,262600
2012-01-23,25.65999984741211,25.8799991607666,25.420000076293945,25.770000457763672,23.19902992248535,254400
2012-01-24,25.690000534057617,25.93000030517578,25.43000030517578,25.639999389648438,23.081993103027344,397200
2012-01-25,25.510000228881836,25.75,25.270000457763672,25.530000686645508,22.982973098754883,412600
2012-01-26,25.610000610351562,25.889999389648438,25.510000228881836,25.6200008392334,23.063995361328125,317500
2012-01-27,25.5,25.799999237060547,25.5,25.579999923706055,23.027982711791992,180000
2012-01-30,25.3700008392334,25.649999618530273,25.3700008392334,25.520000457763672,22.97397232055664,221600
2012-01-31,25.610000610351562,25.770000457763672,25.520000457763672,25.59000015258789,23.0369873046875,283200
2012-02-01,25.729999542236328,26.0,25.59000015258789,25.709999084472656,23.1450138092041,781500
2012-02-02,25.84000015258789,26.290000915527344,25.719999313354492,26.229999542236328,23.613130569458008,423100
2012-02-03,26.459999084472656,26.6299991607666,26.309999465942383,26.540000915527344,23.892215728759766,857400
2012-02-06,26.450000762939453,26.649999618530273,26.3700008392334,26.600000381469727,23.946226119995117,400100
2012-02-07,26.579999923706055,26.790000915527344,26.5,26.729999542236328,24.063255310058594,447500
2012-02-08,25.309999465942383,26.59000015258789,25.280000686645508,26.299999237060547,23.67615509033203,1058000
2012-02-09,26.219999313354492,26.610000610351562,26.030000686645508,26.469999313354492,23.82918930053711,834900
2012-02-10,27.299999237060547,28.09000015258789,27.270000457763672,28.06999969482422,25.26956558227539,4754100
2012-02-13,28.18000030517578,28.459999084472656,27.639999389648438,27.799999237060547,25.026504516601562,16750800
2012-02-14,27.440000534057617,27.489999771118164,26.899999618530273,27.350000381469727,24.62139892578125,2611000
2012-02-15,27.40999984741211,27.549999237060547,27.06999969482422,27.34000015258789,24.612396240234375,986100
2012-02-16,27.270000457763672,27.559999465942383,27.239999771118164,27.559999465942383,24.810443878173828,546400
2012-02-17,27.530000686645508,27.559999465942383,27.239999771118164,27.5,24.756433486938477,542700
2012-02-21,27.530000686645508,27.549999237060547,27.0,27.280000686645508,24.558380126953125,719900
2012-02-22,27.280000686645508,27.5,27.149999618530273,27.360000610351562,24.63039779663086,402200
2012-02-23,27.290000915527344,27.90999984741211,27.200000762939453,27.899999618530273,25.116525650024414,570200
2012-02-24,27.850000381469727,27.93000030517578,27.520000457763672,27.649999618530273,24.891469955444336,347800
2012-02-27,27.489999771118164,27.84000015258789,27.260000228881836,27.799999237060547,25.026504516601562,391600
2012-02-28,27.770000457763672,27.90999984741211,27.520000457763672,27.899999618530273,25.116525650024414,486600
2012-02-29,27.75,27.780000686645508,27.549999237060547,27.56999969482422,24.926664352416992,652500
2012-03-01,27.610000610351562,28.020000457763672,27.479999542236328,27.8799991607666,25.20694351196289,834900
2012-03-02,27.8700008392334,27.899999618530273,27.559999465942383,27.6200008392334,24.97186851501465,353400
2012-03-05,27.530000686645508,27.790000915527344,27.40999984741211,27.559999465942383,24.917619705200195,431200
2012-03-06,27.309999465942383,27.5,26.899999618530273,27.040000915527344,24.447471618652344,694500
2012-03-07,27.209999084472656,27.270000457763672,26.799999237060547,27.170000076293945,24.56501007080078,566000
2012-03-08,27.280000686645508,27.510000228881836,27.229999542236328,27.360000610351562,24.73679542541504,393700
2012-03-09,27.489999771118164,27.579999923706055,27.280000686645508,27.3700008392334,24.74584197998047,601400
2012-03-12,27.450000762939453,27.610000610351562,27.219999313354492,27.610000610351562,24.96282386779785,478100
2012-03-13,27.84000015258789,27.84000015258789,27.100000381469727,27.649999618530273,24.998992919921875,924500
2012-03-14,27.739999771118164,28.0,27.520000457763672,27.90999984741211,25.234058380126953,1051300
2012-03-15,27.989999771118164,28.059999465942383,27.780000686645508,28.020000457763672,25.333518981933594,579000
2012-03-16,28.18000030517578,28.18000030517578,27.920000076293945,28.020000457763672,25.333518981933594,893900
2012-03-19,28.0,28.309999465942383,27.860000610351562,28.280000686645508,25.56859016418457,662000
2012-03-20,28.15999984741211,28.850000381469727,28.049999237060547,28.600000381469727,25.857906341552734,1075200
2012-03-21,28.639999389648438,29.030000686645508,28.31999969482422,29.010000228881836,26.228595733642578,1000300
2012-03-22,28.860000610351562,29.149999618530273,28.770000457763672,29.020000457763672,26.237638473510742,858400
2012-03-23,29.010000228881836,29.559999465942383,28.899999618530273,29.510000228881836,26.6806583404541,1338400
2012-03-26,29.559999465942383,29.559999465942383,29.139999389648438,29.559999465942383,26.725860595703125,931100
2012-03-27,29.209999084472656,29.3700008392334,28.709999084472656,28.719999313354492,25.966398239135742,817300
2012-03-28,28.649999618530273,28.969999313354492,28.56999969482422,28.850000381469727,26.083938598632812,400100
2012-03-29,28.520000457763672,28.75,28.40999984741211,28.56999969482422,25.830780029296875,499100
2012-03-30,28.649999618530273,28.649999618530273,28.31999969482422,28.420000076293945,25.695161819458008,603000
2012-04-02,28.510000228881836,28.65999984741211,27.8700008392334,28.1299991607666,25.432968139648438,1087400
2012-04-03,28.020000457763672,28.209999084472656,27.790000915527344,28.139999389648438,25.442007064819336,1114700
2012-04-04,27.889999389648438,28.1299991607666,27.780000686645508,27.969999313354492,25.288311004638672,951800
2012-04-05,27.940000534057617,28.149999618530273,27.6299991607666,27.709999084472656,25.05323600769043,775500
2012-04-09,27.40999984741211,27.469999313354492,27.06999969482422,27.389999389648438,24.7639217376709,886500
2012-04-10,27.389999389648438,27.479999542236328,26.940000534057617,27.0,24.411312103271484,708200
2012-04-11,27.25,27.290000915527344,26.84000015258789,26.899999618530273,24.320898056030273,571500
2012-04-12,26.959999084472656,27.079999923706055,26.760000228881836,26.979999542236328,24.393224716186523,731000
2012-04-13,26.940000534057617,27.030000686645508,26.600000381469727,26.6299991607666,24.07678985595703,655500
2012-04-16,26.81999969482422,26.84000015258789,26.510000228881836,26.6200008392334,24.0677433013916,536400
2012-04-17,26.780000686645508,26.81999969482422,26.559999465942383,26.6299991607666,24.07678985595703,543900
2012-04-18,26.6200008392334,26.700000762939453,26.399999618530273,26.450000762939453,23.914047241210938,442300
2012-04-19,26.489999771118164,26.68000030517578,26.270000457763672,26.389999389648438,23.85979652404785,327800
2012-04-20,26.530000686645508,26.6299991607666,26.239999771118164,26.290000915527344,23.769384384155273,428800
2012-04-23,26.110000610351562,26.270000457763672,25.90999984741211,26.100000381469727,23.59760284423828,772600
2012-04-24,26.18000030517578,26.399999618530273,25.950000762939453,26.09000015258789,23.588560104370117,612700
2012-04-25,26.299999237060547,26.520000457763672,26.239999771118164,26.3799991607666,23.850751876831055,422400
2012-04-26,26.360000610351562,26.770000457763672,26.209999084472656,26.690000534057617,24.13103485107422,492600
2012-04-27,26.770000457763672,26.829999923706055,26.559999465942383,26.760000228881836,24.19432258605957,337200
2012-04-30,26.690000534057617,26.719999313354492,26.40999984741211,26.440000534057617,23.90500259399414,238200
2012-05-01,26.309999465942383,26.93000030517578,26.309999465942383,26.639999389648438,24.08582878112793,616300
2012-05-02,26.479999542236328,26.479999542236328,25.670000076293945,25.90999984741211,23.42582130432129,967600
2012-05-03,25.889999389648438,26.110000610351562,25.700000762939453,26.040000915527344,23.543352127075195,558900
2012-05-04,26.010000228881836,26.079999923706055,25.6299991607666,25.8799991607666,23.39869499206543,354700
2012-05-07,25.760000228881836,25.8700008392334,25.309999465942383,25.399999618530273,22.9647159576416,583500
2012-05-08,25.25,25.3700008392334,24.790000915527344,25.329999923706055,22.901426315307617,621600
2012-05-09,25.139999389648438,25.549999237060547,25.0,25.479999542236328,23.03704261779785,539700
2012-05-10,25.68000030517578,25.690000534057617,25.209999084472656,25.329999923706055,22.901426315307617,361000
2012-05-11,25.209999084472656,25.540000915527344,25.030000686645508,25.299999237060547,22.874300003051758,325800
2012-05-14,25.0,25.190000534057617,24.950000762939453,25.0,22.603065490722656,340600
2012-05-15,24.90999984741211,25.329999923706055,24.90999984741211,25.309999465942383,22.88334846496582,449800
2012-05-16,25.399999618530273,25.40999984741211,24.93000030517578,24.959999084472656,22.56690216064453,507400
2012-05-17,25.0,25.0,24.559999465942383,24.559999465942383,22.205251693725586,485500
2012-05-18,24.8799991607666,24.940000534057617,24.65999984741211,24.920000076293945,22.530736923217773,530000
2012-05-21,24.969999313354492,25.059999465942383,24.729999542236328,24.959999084472656,22.56690216064453,310600
2012-05-22,25.06999969482422,25.450000762939453,24.959999084472656,25.059999465942383,22.657310485839844,391400
2012-05-23,24.950000762939453,25.200000762939453,24.75,25.190000534057617,22.774852752685547,345000
2012-05-24,25.229999542236328,25.399999618530273,25.020000457763672,25.389999389648438,22.955673217773438,285000
2012-05-25,25.350000381469727,25.459999084472656,25.18000030517578,25.239999771118164,22.820051193237305,334200
2012-05-29,25.450000762939453,25.75,25.270000457763672,25.6299991607666,23.17266082763672,505000
2012-05-30,25.40999984741211,25.40999984741211,25.0,25.040000915527344,22.7457275390625,270900
2012-05-31,25.059999465942383,25.299999237060547,24.850000381469727,25.25,22.93648338317871,558000
2012-06-01,24.90999984741211,25.139999389648438,24.799999237060547,25.100000381469727,22.800228118896484,374500
2012-06-04,25.170000076293945,25.459999084472656,25.100000381469727,25.43000030517578,23.099992752075195,656300
2012-06-05,25.280000686645508,25.899999618530273,25.280000686645508,25.899999618530273,23.526927947998047,553300
2012-06-06,26.0,26.639999389648438,25.899999618530273,26.59000015258789,24.153709411621094,966200
2012-06-07,26.729999542236328,26.799999237060547,26.5,26.600000381469727,24.162796020507812,613000
2012-06-08,26.56999969482422,26.729999542236328,26.260000228881836,26.700000762939453,24.25363540649414,291700
2012-06-11,26.90999984741211,26.989999771118164,26.65999984741211,26.690000534057617,24.244548797607422,556300
2012-06-12,26.81999969482422,26.989999771118164,26.68000030517578,26.940000534057617,24.47163963317871,371100
2012-06-13,26.780000686645508,27.31999969482422,26.780000686645508,26.93000030517578,24.462556838989258,505000
2012-06-14,26.84000015258789,27.450000762939453,26.84000015258789,27.329999923706055,24.825908660888672,660400
2012-06-15,27.469999313354492,27.600000381469727,27.219999313354492,27.239999771118164,24.74415397644043,803400
2012-06-18,27.049999237060547,28.1200008392334,27.0,27.979999542236328,25.41635513305664,938400
2012-06-19,28.100000381469727,28.110000610351562,27.670000076293945,27.739999771118164,25.198339462280273,627700
2012-06-20,27.809999465942383,27.809999465942383,27.31999969482422,27.559999465942383,25.034828186035156,625700
2012-06-21,27.6299991607666,27.639999389648438,27.020000457763672,27.229999542236328,24.735069274902344,434300
2012-06-22,27.420000076293945,27.479999542236328,26.920000076293945,26.979999542236328,24.507970809936523,2824700
2012-06-25,26.940000534057617,27.079999923706055,26.760000228881836,26.959999084472656,24.48980712890625,501100
2012-06-26,26.950000762939453,27.219999313354492,26.850000381469727,27.100000381469727,24.616981506347656,254300
2012-06-27,27.110000610351562,27.299999237060547,27.049999237060547,27.219999313354492,24.725984573364258,229900
2012-06-28,27.079999923706055,27.610000610351562,26.940000534057617,27.579999923706055,25.053003311157227,305700
2012-06-29,27.809999465942383,27.8700008392334,27.520000457763672,27.68000030517578,25.14383888244629,415300
2012-07-02,27.770000457763672,27.950000762939453,27.670000076293945,27.899999618530273,25.34368133544922,316400
2012-07-03,28.0,28.25,27.850000381469727,27.920000076293945,25.36185073852539,306100
2012-07-05,27.920000076293945,28.100000381469727,27.719999313354492,27.989999771118164,25.42543601989746,412000
2012-07-06,27.860000610351562,27.979999542236328,27.469999313354492,27.75,25.20742416381836,279300
2012-07-09,27.700000762939453,27.780000686645508,27.56999969482422,27.75,25.20742416381836,184000
2012-07-10,27.920000076293945,27.950000762939453,27.559999465942383,27.68000030517578,25.14383888244629,328000
2012-07-11,27.739999771118164,27.739999771118164,27.459999084472656,27.6299991607666,25.098413467407227,394400
2012-07-12,27.479999542236328,27.809999465942383,27.399999618530273,27.709999084472656,25.171091079711914,351700
2012-07-13,27.8700008392334,28.219999313354492,27.790000915527344,28.18000030517578,25.598024368286133,425500
2012-07-16,28.219999313354492,28.34000015258789,28.1200008392334,28.170000076293945,25.588939666748047,246600
2012-07-17,28.25,28.350000381469727,27.969999313354492,28.190000534057617,25.60711097717285,690200
2012-07-18,28.190000534057617,28.649999618530273,28.190000534057617,28.399999618530273,25.797868728637695,628600
2012-07-19,28.43000030517578,28.469999313354492,28.09000015258789,28.260000228881836,25.670698165893555,427400
2012-07-20,28.149999618530273,28.260000228881836,27.979999542236328,28.1299991607666,25.55260467529297,266500
2012-07-23,27.8700008392334,28.34000015258789,27.6200008392334,28.309999465942383,25.716114044189453,354300
2012-07-24,28.299999237060547,28.350000381469727,27.8700008392334,28.030000686645508,25.461772918701172,379400
2012-07-25,28.139999389648438,28.3700008392334,28.030000686645508,28.309999465942383,25.716114044189453,266100
2012-07-26,28.459999084472656,28.649999618530273,28.459999084472656,28.649999618530273,26.024965286254883,342200
2012-07-27,28.719999313354492,28.860000610351562,28.489999771118164,28.670000076293945,26.043128967285156,380900
2012-07-30,28.639999389648438,28.790000915527344,28.450000762939453,28.540000915527344,25.92504119873047,165700
2012-07-31,28.5,28.559999465942383,28.280000686645508,28.5,25.888710021972656,307400
2012-08-01,28.6299991607666,28.760000228881836,28.25,28.399999618530273,25.797868728637695,592200
2012-08-02,28.31999969482422,28.43000030517578,27.6200008392334,27.979999542236328,25.41635513305664,441300
2012-08-03,28.219999313354492,28.479999542236328,28.049999237060547,28.190000534057617,25.60711097717285,400800
2012-08-06,28.290000915527344,28.770000457763672,28.290000915527344,28.559999465942383,25.94320297241211,451100
2012-08-07,28.559999465942383,29.149999618530273,28.34000015258789,29.020000457763672,26.36106300354004,801000
2012-08-08,29.0,29.1200008392334,28.940000534057617,29.040000915527344,26.379230499267578,314400
2012-08-09,28.979999542236328,29.1200008392334,28.920000076293945,28.93000030517578,26.279308319091797,266000
2012-08-10,28.920000076293945,29.030000686645508,28.889999389648438,28.93000030517578,26.279308319091797,236100
2012-08-13,28.959999084472656,29.059999465942383,28.889999389648438,29.010000228881836,26.351978302001953,200700
2012-08-14,29.049999237060547,29.09000015258789,28.950000762939453,29.040000915527344,26.379230499267578,216100
2012-08-15,29.010000228881836,29.100000381469727,28.950000762939453,28.979999542236328,26.324726104736328,176500
2012-08-16,29.079999923706055,29.079999923706055,28.84000015258789,28.989999771118164,26.33380699157715,276800
2012-08-17,29.0,29.020000457763672,28.75,28.8700008392334,26.224807739257812,496400
2012-08-20,28.90999984741211,28.989999771118164,28.639999389648438,28.829999923706055,26.188467025756836,228300
2012-08-21,28.899999618530273,28.899999618530273,28.579999923706055,28.780000686645508,26.143047332763672,350800
2012-08-22,28.809999465942383,28.84000015258789,28.530000686645508,28.729999542236328,26.097633361816406,172800
2012-08-23,28.75,28.790000915527344,28.540000915527344,28.719999313354492,26.088544845581055,232300
2012-08-24,28.579999923706055,28.84000015258789,28.56999969482422,28.790000915527344,26.152137756347656,188400
2012-08-27,28.90999984741211,29.1200008392334,28.690000534057617,28.75,26.11579704284668,370200
2012-08-28,28.75,29.1200008392334,28.559999465942383,28.899999618530273,26.25205421447754,237500
2012-08-29,28.700000762939453,28.959999084472656,28.56999969482422,28.729999542236328,26.233795166015625,324800
2012-08-30,28.639999389648438,28.639999389648438,28.270000457763672,28.59000015258789,26.105958938598633,274200
2012-08-31,28.559999465942383,28.6299991607666,28.280000686645508,28.440000534057617,25.96898651123047,328400
2012-09-04,28.389999389648438,29.0,28.229999542236328,28.93000030517578,26.416414260864258,536100
2012-09-05,28.93000030517578,28.969999313354492,28.5,28.670000076293945,26.17900848388672,346300
2012-09-06,28.729999542236328,28.8700008392334,28.56999969482422,28.709999084472656,26.21552848815918,505100
2012-09-07,28.75,29.059999465942383,28.639999389648438,28.850000381469727,26.343366622924805,461100
2012-09-10,28.809999465942383,29.030000686645508,28.6299991607666,28.65999984741211,26.169876098632812,262000
2012-09-11,28.6299991607666,28.889999389648438,28.610000610351562,28.690000534057617,26.1972713470459,291100
2012-09-12,28.729999542236328,28.860000610351562,28.559999465942383,28.799999237060547,26.297712326049805,203300
2012-09-13,28.799999237060547,29.139999389648438,28.719999313354492,29.0,26.48033332824707,492300
2012-09-14,29.1299991607666,29.489999771118164,29.0,29.299999237060547,26.754270553588867,513200
2012-09-17,29.260000228881836,29.670000076293945,29.170000076293945,29.6200008392334,27.04646110534668,602800
2012-09-18,29.65999984741211,30.0,29.59000015258789,29.809999465942383,27.21995735168457,909400
2012-09-19,29.850000381469727,30.309999465942383,29.75,30.209999084472656,27.585206985473633,909600
2012-09-20,30.209999084472656,30.329999923706055,29.899999618530273,30.270000457763672,27.639989852905273,806400
2012-09-21,30.389999389648438,30.389999389648438,30.170000076293945,30.239999771118164,27.612598419189453,1032200
2012-09-24,30.010000228881836,30.350000381469727,30.010000228881836,30.239999771118164,27.612598419189453,821300
2012-09-25,30.389999389648438,30.389999389648438,29.610000610351562,29.719999313354492,27.137775421142578,622900
2012-09-26,29.709999084472656,29.809999465942383,29.190000534057617,29.31999969482422,26.77252960205078,471800
2012-09-27,29.84000015258789,30.0,29.600000381469727,29.68000030517578,27.101255416870117,473800
2012-09-28,29.639999389648438,29.639999389648438,29.290000915527344,29.399999618530273,26.8455810546875,486000
2012-10-01,29.479999542236328,29.75,29.239999771118164,29.559999465942383,26.991676330566406,589600
2012-10-02,29.530000686645508,29.6200008392334,29.280000686645508,29.43000030517578,26.872974395751953,507500
2012-10-03,29.510000228881836,29.520000457763672,29.260000228881836,29.510000228881836,26.946022033691406,365000
2012-10-04,29.600000381469727,29.75,29.459999084472656,29.670000076293945,27.092119216918945,333600
2012-10-05,29.75,30.079999923706055,29.670000076293945,29.700000762939453,27.1195125579834,350500
2012-10-08,29.6200008392334,29.719999313354492,29.520000457763672,29.600000381469727,27.028202056884766,212600
2012-10-09,29.68000030517578,29.799999237060547,29.459999084472656,29.610000610351562,27.037338256835938,287200
2012-10-10,29.549999237060547,29.700000762939453,29.40999984741211,29.510000228881836,26.946022033691406,256100
2012-10-11,29.700000762939453,29.760000228881836,29.420000076293945,29.459999084472656,26.90036392211914,184200
2012-10-12,29.450000762939453,29.489999771118164,29.049999237060547,29.290000915527344,26.745141983032227,381800
2012-10-15,29.389999389648438,29.520000457763672,29.229999542236328,29.34000015258789,26.790796279907227,334100
2012-10-16,29.469999313354492,29.520000457763672,29.3700008392334,29.469999313354492,26.90950584411621,270700
2012-10-17,29.510000228881836,29.6299991607666,29.360000610351562,29.579999923706055,27.009939193725586,380000
2012-10-18,29.56999969482422,29.809999465942383,29.350000381469727,29.469999313354492,26.90950584411621,247000
2012-10-19,29.469999313354492,29.540000915527344,28.8700008392334,28.969999313354492,26.45294189453125,709200
2012-10-22,28.809999465942383,29.059999465942383,28.670000076293945,28.959999084472656,26.443809509277344,370500
2012-10-23,28.780000686645508,28.850000381469727,28.559999465942383,28.75,26.25205421447754,343600
2012-10-24,28.889999389648438,29.059999465942383,28.81999969482422,28.950000762939453,26.434673309326172,330100
2012-10-25,29.059999465942383,29.110000610351562,28.90999984741211,29.040000915527344,26.516860961914062,254200
2012-10-26,28.979999542236328,29.229999542236328,28.93000030517578,29.149999618530273,26.617300033569336,254400
2012-10-31,29.1200008392334,29.540000915527344,29.010000228881836,29.469999313354492,26.90950584411621,430000
2012-11-01,29.59000015258789,30.65999984741211,29.43000030517578,30.65999984741211,27.99610710144043,1201500
2012-11-02,30.75,30.950000762939453,30.139999389648438,30.200000762939453,27.576074600219727,612300
2012-11-05,30.170000076293945,30.649999618530273,29.940000534057617,30.459999084472656,27.8134822845459,403700
2012-11-06,30.59000015258789,30.84000015258789,30.420000076293945,30.610000610351562,27.950454711914062,443900
2012-11-07,30.420000076293945,30.489999771118164,30.219999313354492,30.3799991607666,27.740427017211914,486800
2012-11-08,30.360000610351562,30.469999313354492,30.06999969482422,30.170000076293945,27.548675537109375,300900
2012-11-09,30.06999969482422,30.25,29.989999771118164,30.049999237060547,27.439105987548828,277000
2012-11-12,30.079999923706055,30.25,29.700000762939453,30.0,27.39345359802246,332700
2012-11-13,29.8700008392334,30.0,29.6200008392334,29.690000534057617,27.110382080078125,288700
2012-11-14,29.68000030517578,29.780000686645508,29.18000030517578,29.40999984741211,26.854711532592773,485200
2012-11-15,29.350000381469727,29.450000762939453,29.110000610351562,29.31999969482422,26.77252960205078,421200
2012-11-16,29.290000915527344,29.729999542236328,29.110000610351562,29.59000015258789,27.019073486328125,478300
2012-11-19,29.770000457763672,29.81999969482422,29.450000762939453,29.479999542236328,26.918628692626953,326100
2012-11-20,29.489999771118164,29.510000228881836,29.299999237060547,29.40999984741211,26.854711532592773,324700
2012-11-21,29.5,29.5,29.350000381469727,29.469999313354492,26.90950584411621,225300
2012-11-23,29.489999771118164,29.6299991607666,29.479999542236328,29.559999465942383,26.991676330566406,169900
2012-11-26,29.540000915527344,29.690000534057617,29.43000030517578,29.489999771118164,26.927764892578125,248100
2012-11-27,29.43000030517578,29.690000534057617,29.170000076293945,29.530000686645508,26.964282989501953,299600
2012-11-28,29.25,29.90999984741211,29.149999618530273,29.719999313354492,27.276330947875977,388600
2012-11-29,29.790000915527344,29.860000610351562,29.56999969482422,29.75,27.30385971069336,195500
2012-11-30,29.790000915527344,30.030000686645508,29.700000762939453,29.979999542236328,27.514955520629883,468600
2012-12-03,30.079999923706055,30.149999618530273,29.610000610351562,29.729999542236328,27.285505294799805,261300
2012-12-04,29.84000015258789,30.0,29.719999313354492,29.829999923706055,27.37728500366211,329000
2012-12-05,29.860000610351562,29.979999542236328,29.6200008392334,29.850000381469727,27.395641326904297,348500
2012-12-06,29.8799991607666,30.190000534057617,29.780000686645508,30.1299991607666,27.65262222290039,556500
2012-12-07,30.15999984741211,30.15999984741211,29.90999984741211,29.989999771118164,27.52412986755371,186700
2012-12-10,30.010000228881836,30.049999237060547,29.860000610351562,29.920000076293945,27.459882736206055,260400
2012-12-11,29.920000076293945,30.209999084472656,29.75,29.90999984741211,27.45070457458496,619400
2012-12-12,29.950000762939453,30.190000534057617,29.950000762939453,30.100000381469727,27.62508773803711,601400
2012-12-13,30.139999389648438,30.200000762939453,29.8700008392334,30.0,27.533309936523438,284200
2012-12-14,29.950000762939453,30.06999969482422,29.81999969482422,29.8799991607666,27.423171997070312,445800
2012-12-17,29.989999771118164,30.15999984741211,29.639999389648438,29.8799991607666,27.423171997070312,670600
2012-12-18,29.969999313354492,30.299999237060547,29.8700008392334,30.170000076293945,27.689329147338867,992000
2012-12-19,29.5,29.68000030517578,29.43000030517578,29.510000228881836,27.08359718322754,664100
2012-12-20,30.549999237060547,30.790000915527344,30.219999313354492,30.68000030517578,28.15739631652832,1350400
2012-12-21,30.399999618530273,30.450000762939453,30.059999465942383,30.139999389648438,27.66179656982422,1143800
2012-12-24,30.1200008392334,30.15999984741211,29.719999313354492,29.8799991607666,27.423171997070312,281400
2012-12-26,29.770000457763672,29.770000457763672,29.139999389648438,29.579999923706055,27.147842407226562,543800
2012-12-27,29.639999389648438,29.639999389648438,29.15999984741211,29.329999923706055,26.91839599609375,556300
2012-12-28,29.270000457763672,29.530000686645508,29.110000610351562,29.3700008392334,26.955106735229492,1050700
2012-12-31,29.399999618530273,29.489999771118164,29.290000915527344,29.459999084472656,27.037708282470703,618600
2013-01-02,29.739999771118164,30.209999084472656,29.739999771118164,30.1299991607666,27.65262222290039,597400
2013-01-03,30.0,30.56999969482422,29.920000076293945,30.530000686645508,28.019731521606445,807100
2013-01-04,30.600000381469727,31.329999923706055,30.549999237060547,31.25,28.680530548095703,727000
2013-01-07,31.270000457763672,31.440000534057617,31.200000762939453,31.34000015258789,28.763126373291016,335900
2013-01-08,31.40999984741211,31.420000076293945,31.149999618530273,31.229999542236328,28.66217041015625,445500
2013-01-09,31.40999984741211,31.68000030517578,31.190000534057617,31.600000381469727,29.001750946044922,465900
2013-01-10,31.18000030517578,31.760000228881836,31.1299991607666,31.739999771118164,29.130237579345703,628300
2013-01-11,31.700000762939453,31.920000076293945,31.520000457763672,31.8700008392334,29.249553680419922,335500
2013-01-14,31.8700008392334,31.989999771118164,31.84000015258789,31.959999084472656,29.332149505615234,321900
2013-01-15,31.75,32.27000045776367,31.75,32.25,29.598308563232422,451400
2013-01-16,32.16999816894531,32.540000915527344,32.060001373291016,32.4900016784668,29.81856918334961,548000
2013-01-17,32.47999954223633,32.689998626708984,32.380001068115234,32.630001068115234,29.947059631347656,317200
2013-01-18,32.689998626708984,33.33000183105469,32.599998474121094,33.119998931884766,30.39676856994629,597700
2013-01-22,33.13999938964844,33.31999969482422,32.9900016784668,33.2400016784668,30.506908416748047,348400
2013-01-23,33.25,33.2599983215332,32.939998626708984,33.150001525878906,30.424301147460938,347100
2013-01-24,33.130001068115234,33.5,33.119998931884766,33.400001525878906,30.65375328063965,321400
2013-01-25,33.349998474121094,33.41999816894531,33.06999969482422,33.38999938964844,30.64457893371582,409400
2013-01-28,33.470001220703125,33.70000076293945,33.369998931884766,33.47999954223633,30.727174758911133,358700
2013-01-29,33.5,33.61000061035156,33.369998931884766,33.560001373291016,30.800596237182617,299500
2013-01-30,33.529998779296875,33.70000076293945,33.470001220703125,33.59000015258789,30.828123092651367,235500
2013-01-31,33.529998779296875,33.91999816894531,33.5099983215332,33.880001068115234,31.09427833557129,353500
2013-02-01,34.0,34.18000030517578,33.65999984741211,34.0,31.204408645629883,473800
2013-02-04,33.849998474121094,34.09000015258789,33.65999984741211,33.93000030517578,31.14017105102539,463800
2013-02-05,33.95000076293945,34.16999816894531,33.869998931884766,34.04999923706055,31.250293731689453,401700
2013-02-06,33.90999984741211,34.349998474121094,33.84000015258789,34.22999954223633,31.41550064086914,431600
2013-02-07,34.27000045776367,34.369998931884766,33.970001220703125,34.29999923706055,31.47974395751953,373800
2013-02-08,34.38999938964844,34.68000030517578,33.63999938964844,34.459999084472656,31.6265926361084,464500
2013-02-11,34.5,34.869998931884766,34.16999816894531,34.779998779296875,31.92027473449707,658800
2013-02-12,34.900001525878906,35.099998474121094,34.79999923706055,34.959999084472656,32.085472106933594,556000
2013-02-13,34.91999816894531,35.08000183105469,34.849998474121094,34.9900016784668,32.113014221191406,373600
2013-02-14,35.04999923706055,35.869998931884766,34.59000015258789,35.689998626708984,32.755455017089844,782100
2013-02-15,35.720001220703125,36.11000061035156,35.689998626708984,35.959999084472656,33.003257751464844,501600
2013-02-19,36.04999923706055,36.04999923706055,35.540000915527344,35.79999923706055,32.856414794921875,545300
2013-02-20,35.88999938964844,35.95000076293945,35.27000045776367,35.369998931884766,32.461761474609375,395000
2013-02-21,35.38999938964844,35.66999816894531,35.2400016784668,35.380001068115234,32.470951080322266,387200
2013-02-22,35.529998779296875,35.630001068115234,35.2400016784668,35.540000915527344,32.617794036865234,251200
2013-02-25,35.599998474121094,35.880001068115234,34.720001220703125,34.7400016784668,31.883567810058594,398600
2013-02-26,35.0,35.79999923706055,34.900001525878906,35.65999984741211,32.72792434692383,578500
2013-02-27,35.540000915527344,36.15999984741211,35.52000045776367,35.88999938964844,33.07815170288086,370500
2013-02-28,35.84000015258789,36.189998626708984,35.720001220703125,35.91999816894531,33.105796813964844,428400
2013-03-01,35.84000015258789,35.91999816894531,35.220001220703125,35.41999816894531,32.64497375488281,991500
2013-03-04,35.5,35.880001068115234,35.2599983215332,35.849998474121094,33.04128646850586,486500
2013-03-05,36.029998779296875,36.130001068115234,35.86000061035156,36.02000045776367,33.197967529296875,282300
2013-03-06,36.150001525878906,36.20000076293945,35.790000915527344,35.86000061035156,33.050506591796875,272300
2013-03-07,35.95000076293945,36.150001525878906,35.68000030517578,35.779998779296875,32.97676467895508,280000
2013-03-08,36.0,36.0,35.56999969482422,35.65999984741211,32.86616897583008,454700
2013-03-11,35.7400016784668,36.0,35.7400016784668,35.88999938964844,33.07815170288086,236800
2013-03-12,35.939998626708984,35.939998626708984,35.619998931884766,35.7599983215332,32.95834732055664,373200
2013-03-13,36.04999923706055,36.04999923706055,35.61000061035156,35.86000061035156,33.050506591796875,646400
2013-03-14,36.0,36.83000183105469,35.91999816894531,36.36000061035156,33.51132583618164,704400
2013-03-15,36.369998931884766,36.47999954223633,35.9900016784668,36.16999816894531,33.33621597290039,662300
2013-03-18,35.880001068115234,36.279998779296875,35.79999923706055,36.130001068115234,33.29935073852539,338200
2013-03-19,36.150001525878906,36.2400016784668,35.779998779296875,35.959999084472656,33.142669677734375,378000
2013-03-20,36.02000045776367,36.59000015258789,35.93000030517578,36.40999984741211,33.55742263793945,268600
2013-03-21,36.18000030517578,36.630001068115234,36.18000030517578,36.22999954223633,33.39152145385742,343300
2013-03-22,36.209999084472656,36.38999938964844,36.04999923706055,36.38999938964844,33.538970947265625,449200
2013-03-25,36.380001068115234,36.75,36.33000183105469,36.59000015258789,33.72330856323242,477700
2013-03-26,36.63999938964844,36.790000915527344,36.31999969482422,36.58000183105469,33.7140998840332,366300
2013-03-27,36.38999938964844,36.599998474121094,36.20000076293945,36.560001373291016,33.69565963745117,254100
2013-03-28,36.560001373291016,36.9900016784668,36.41999816894531,36.939998626708984,34.04587936401367,303200
2013-04-01,36.88999938964844,36.95000076293945,36.34000015258789,36.709999084472656,33.83391189575195,317100
2013-04-02,36.959999084472656,36.970001220703125,36.75,36.86000061035156,33.97216033935547,358600
2013-04-03,37.0,37.0,35.93000030517578,36.130001068115234,33.29935073852539,668400
2013-04-04,36.2400016784668,36.439998626708984,36.060001373291016,36.38999938964844,33.538970947265625,391500
2013-04-05,36.09000015258789,36.40999984741211,35.7599983215332,36.40999984741211,33.55742263793945,422000
2013-04-08,36.41999816894531,36.560001373291016,36.08000183105469,36.540000915527344,33.67722702026367,203200
2013-04-09,36.65999984741211,36.66999816894531,36.119998931884766,36.150001525878906,33.31779098510742,444900
2013-04-10,36.380001068115234,37.18000030517578,36.27000045776367,36.93000030517578,34.03667068481445,601400
2013-04-11,36.95000076293945,37.47999954223633,36.91999816894531,37.2400016784668,34.322383880615234,436200
2013-04-12,37.150001525878906,37.22999954223633,36.93000030517578,36.959999084472656,34.0643196105957,234700
2013-04-15,36.90999984741211,37.16999816894531,36.18000030517578,36.189998626708984,33.35464096069336,502700
2013-04-16,36.4900016784668,36.95000076293945,36.22999954223633,36.720001220703125,33.84313201904297,478500
2013-04-17,36.47999954223633,36.47999954223633,35.939998626708984,36.209999084472656,33.37308120727539,424200
2013-04-18,36.34000015258789,36.5,35.939998626708984,36.150001525878906,33.31779098510742,357500
2013-04-19,36.220001220703125,36.709999084472656,36.220001220703125,36.61000061035156,33.74174880981445,344700
2013-04-22,36.58000183105469,36.61000061035156,36.18000030517578,36.36000061035156,33.51132583618164,582800
2013-04-23,36.400001525878906,36.810001373291016,36.130001068115234,36.45000076293945,33.59428405761719,549900
2013-04-24,36.560001373291016,36.689998626708984,36.29999923706055,36.45000076293945,33.59428405761719,362800
2013-04-25,36.47999954223633,36.75,36.310001373291016,36.61000061035156,33.74174880981445,414900
2013-04-26,36.56999969482422,36.65999984741211,36.34000015258789,36.529998779296875,33.668006896972656,280700
2013-04-29,36.650001525878906,37.09000015258789,36.47999954223633,37.040000915527344,34.138057708740234,426200
2013-04-30,36.93000030517578,37.54999923706055,36.709999084472656,37.529998779296875,34.589664459228516,453400
2013-05-01,37.47999954223633,37.95000076293945,37.27000045776367,37.29999923706055,34.377681732177734,401000
2013-05-02,37.349998474121094,37.68000030517578,37.11000061035156,37.5099983215332,34.57122802734375,422300
2013-05-03,38.0,39.459999084472656,37.54999923706055,38.75,35.71407699584961,754500
2013-05-06,39.290000915527344,39.52000045776367,38.77000045776367,38.91999816894531,35.870758056640625,686600
2013-05-07,39.099998474121094,39.2599983215332,38.880001068115234,39.130001068115234,36.064308166503906,558200
2013-05-08,39.220001220703125,39.439998626708984,38.880001068115234,39.209999084472656,36.13804244995117,537700
2013-05-09,39.2599983215332,39.5,38.97999954223633,39.060001373291016,35.99980163574219,284400
2013-05-10,39.11000061035156,39.459999084472656,39.04999923706055,39.310001373291016,36.23020935058594,281400
2013-05-13,39.380001068115234,39.90999984741211,39.27000045776367,39.650001525878906,36.543575286865234,461900
2013-05-14,39.59000015258789,39.9900016784668,39.540000915527344,39.9900016784668,36.856937408447266,441900
2013-05-15,39.970001220703125,40.25,39.83000183105469,40.029998779296875,36.893802642822266,618500
2013-05-16,40.040000915527344,40.52000045776367,39.849998474121094,40.27000045776367,37.114994049072266,392900
2013-05-17,40.33000183105469,40.880001068115234,40.18000030517578,40.75,37.557395935058594,530100
2013-05-20,40.790000915527344,40.959999084472656,40.540000915527344,40.619998931884766,37.43757629394531,369100
2013-05-21,40.650001525878906,40.91999816894531,40.58000183105469,40.810001373291016,37.612693786621094,265700
2013-05-22,40.77000045776367,41.0,40.0099983215332,40.150001525878906,37.00440216064453,428700
2013-05-23,39.939998626708984,40.540000915527344,39.650001525878906,40.540000915527344,37.36383819580078,367400
2013-05-24,40.439998626708984,40.630001068115234,40.0099983215332,40.52000045776367,37.34541320800781,298100
2013-05-28,40.93000030517578,41.0,40.560001373291016,40.72999954223633,37.538963317871094,371100
2013-05-29,40.560001373291016,40.689998626708984,40.31999969482422,40.560001373291016,37.52046203613281,309200
2013-05-30,40.720001220703125,40.900001525878906,40.5099983215332,40.66999816894531,37.622222900390625,333400
2013-05-31,40.70000076293945,40.869998931884766,40.099998474121094,40.13999938964844,37.13193130493164,568700
2013-06-03,40.439998626708984,40.63999938964844,39.75,40.41999816894531,37.39094543457031,503300
2013-06-04,40.630001068115234,40.70000076293945,39.72999954223633,39.970001220703125,36.974666595458984,839600
2013-06-05,39.95000076293945,40.13999938964844,39.77000045776367,39.93000030517578,36.93767166137695,978100
2013-06-06,39.880001068115234,40.619998931884766,39.880001068115234,40.5,37.46495056152344,498600
2013-06-07,40.720001220703125,41.34000015258789,40.36000061035156,41.20000076293945,38.11249542236328,660000
2013-06-10,41.75,42.279998779296875,41.400001525878906,42.209999084472656,39.04681396484375,856900
2013-06-11,41.9900016784668,42.619998931884766,41.61000061035156,41.810001373291016,38.67677307128906,428100
2013-06-12,42.0,42.38999938964844,41.34000015258789,41.4900016784668,38.38077163696289,350600
2013-06-13,41.36000061035156,42.349998474121094,41.08000183105469,42.27000045776367,39.1023063659668,371700
2013-06-14,42.40999984741211,43.150001525878906,42.29999923706055,42.56999969482422,39.379825592041016,538300
2013-06-17,42.939998626708984,43.18000030517578,42.79999923706055,43.130001068115234,39.897865295410156,606800
2013-06-18,43.150001525878906,43.77000045776367,43.08000183105469,43.369998931884766,40.119873046875,510700
2013-06-19,43.4900016784668,43.70000076293945,42.939998626708984,42.939998626708984,39.72209930419922,416500
2013-06-20,42.58000183105469,42.97999954223633,42.08000183105469,42.58000183105469,39.38908386230469,718000
2013-06-21,42.689998626708984,43.130001068115234,41.970001220703125,42.61000061035156,39.416831970214844,703700
2013-06-24,42.7599983215332,44.0,42.58000183105469,43.779998779296875,40.49915313720703,859700
2013-06-25,44.189998626708984,44.849998474121094,43.79999923706055,44.27000045776367,40.95243453979492,1055300
2013-06-26,44.72999954223633,45.58000183105469,44.380001068115234,45.41999816894531,42.01625442504883,1135900
2013-06-27,45.779998779296875,46.95000076293945,45.529998779296875,46.849998474121094,43.33909225463867,1148700
2013-06-28,47.130001068115234,47.130001068115234,46.34000015258789,46.63999938964844,43.14482879638672,1304800
2013-07-01,46.7599983215332,47.959999084472656,46.75,47.38999938964844,43.838623046875,695400
2013-07-02,47.25,47.529998779296875,46.29999923706055,46.70000076293945,43.2003288269043,1238600
2013-07-03,46.90999984741211,47.310001373291016,46.709999084472656,46.970001220703125,43.45009231567383,470100
2013-07-05,47.47999954223633,47.59000015258789,47.08000183105469,47.43000030517578,43.87561798095703,675100
2013-07-08,47.650001525878906,48.0,47.5,47.619998931884766,44.0513801574707,555800
2013-07-09,47.939998626708984,48.0,47.150001525878906,47.529998779296875,43.9681282043457,583000
2013-07-10,47.63999938964844,47.83000183105469,46.90999984741211,47.06999969482422,43.542606353759766,658100
2013-07-11,47.310001373291016,47.41999816894531,46.869998931884766,47.290000915527344,43.74611282348633,1030000
2013-07-12,47.470001220703125,47.88999938964844,47.099998474121094,47.25,43.70911407470703,1440400
2013-07-15,47.52000045776367,47.720001220703125,47.16999816894531,47.61000061035156,44.042144775390625,705800
2013-07-16,47.790000915527344,48.29999923706055,47.619998931884766,48.040000915527344,44.43990707397461,488200
2013-07-17,48.29999923706055,49.0,47.95000076293945,48.619998931884766,44.976444244384766,765700
2013-07-18,48.65999984741211,49.2599983215332,48.63999938964844,49.119998931884766,45.4389762878418,398900
2013-07-19,48.86000061035156,49.099998474121094,48.470001220703125,48.66999816894531,45.02269744873047,420400
2013-07-22,48.56999969482422,49.65999984741211,48.18000030517578,49.4900016784668,45.781253814697266,1045200
2013-07-23,49.4900016784668,49.58000183105469,48.560001373291016,49.0,45.32796859741211,724900
2013-07-24,49.060001373291016,49.790000915527344,49.0099983215332,49.66999816894531,45.947757720947266,720600
2013-07-25,49.5,49.79999923706055,48.79999923706055,49.2599983215332,45.568477630615234,548600
2013-07-26,49.0,49.5099983215332,48.88999938964844,49.47999954223633,45.77199935913086,351300
2013-07-29,49.2400016784668,49.5,48.91999816894531,49.470001220703125,45.76275634765625,446900
2013-07-30,49.5,50.0,49.29999923706055,49.72999954223633,46.00326919555664,570700
2013-07-31,50.0,50.869998931884766,49.34000015258789,50.099998474121094,46.34553146362305,639700
2013-08-01,50.63999938964844,51.0,50.41999816894531,50.79999923706055,46.99307632446289,887500
2013-08-02,50.95000076293945,51.119998931884766,49.650001525878906,50.84000015258789,47.03009033203125,827400
2013-08-05,49.5099983215332,49.90999984741211,48.20000076293945,48.7400016784668,45.08745574951172,1264800
2013-08-06,48.31999969482422,48.70000076293945,47.150001525878906,47.599998474121094,44.03289031982422,1240900
2013-08-07,47.13999938964844,47.72999954223633,46.79999923706055,47.4900016784668,43.931129455566406,589400
2013-08-08,47.7599983215332,48.400001525878906,47.40999984741211,48.36000061035156,44.735939025878906,460900
2013-08-09,48.34000015258789,48.880001068115234,48.119998931884766,48.77000045776367,45.115211486816406,595100
2013-08-12,48.77000045776367,49.4900016784668,48.77000045776367,49.13999938964844,45.45747756958008,625800
2013-08-13,49.31999969482422,49.779998779296875,48.849998474121094,49.560001373291016,45.84599304199219,1154700
2013-08-14,49.52000045776367,49.70000076293945,48.619998931884766,49.04999923706055,45.37421798706055,366400
2013-08-15,48.43000030517578,48.650001525878906,47.709999084472656,47.90999984741211,44.31965637207031,604700
2013-08-16,47.7400016784668,48.25,47.689998626708984,47.86000061035156,44.27340316772461,348000
2013-08-19,47.70000076293945,48.33000183105469,47.560001373291016,47.58000183105469,44.01438522338867,322100
2013-08-20,47.61000061035156,48.25,47.459999084472656,47.97999954223633,44.38441467285156,305800
2013-08-21,47.88999938964844,48.290000915527344,47.599998474121094,47.849998474121094,44.2641487121582,268700
2013-08-22,47.9900016784668,48.93000030517578,47.849998474121094,48.88999938964844,45.22621536254883,380400
2013-08-23,48.97999954223633,49.0,48.2599983215332,48.529998779296875,44.8931884765625,266000
2013-08-26,48.689998626708984,48.959999084472656,48.27000045776367,48.56999969482422,44.930198669433594,280400
2013-08-27,48.22999954223633,48.4900016784668,46.27000045776367,46.470001220703125,42.98756408691406,799900
2013-08-28,46.38999938964844,47.20000076293945,46.09000015258789,46.9900016784668,43.46859359741211,554000
2013-08-29,46.9900016784668,47.470001220703125,46.9900016784668,47.16999816894531,43.635108947753906,405600
2013-08-30,47.06999969482422,47.15999984741211,45.70000076293945,45.88999938964844,42.4510383605957,522200
2013-09-03,46.29999923706055,46.52000045776367,44.599998474121094,45.029998779296875,41.65548324584961,1624500
2013-09-04,44.91999816894531,45.310001373291016,44.61000061035156,45.189998626708984,41.803489685058594,710100
2013-09-05,45.380001068115234,45.779998779296875,45.11000061035156,45.279998779296875,41.88673782348633,424200
2013-09-06,45.33000183105469,45.65999984741211,44.439998626708984,45.22999954223633,41.840492248535156,693100
2013-09-09,45.209999084472656,45.83000183105469,45.150001525878906,45.61000061035156,42.192012786865234,424800
2013-09-10,45.900001525878906,46.22999954223633,45.619998931884766,45.88999938964844,42.4510383605957,449100
2013-09-11,45.90999984741211,46.4900016784668,45.790000915527344,46.45000076293945,42.96906280517578,511500
2013-09-12,46.369998931884766,46.59000015258789,45.959999084472656,46.11000061035156,42.65454864501953,252600
2013-09-13,46.099998474121094,46.650001525878906,45.77000045776367,46.15999984741211,42.7007942199707,355300
2013-09-16,46.36000061035156,46.4900016784668,45.0099983215332,45.209999084472656,41.82198715209961,666000
2013-09-17,45.16999816894531,45.36000061035156,44.86000061035156,45.29999923706055,41.905242919921875,716700
2013-09-18,45.11000061035156,45.7400016784668,44.93000030517578,45.47999954223633,42.07175827026367,500400
2013-09-19,45.650001525878906,45.7400016784668,45.22999954223633,45.70000076293945,42.2752799987793,378900
2013-09-20,45.72999954223633,45.90999984741211,45.27000045776367,45.31999969482422,41.92374801635742,1012600
2013-09-23,45.18000030517578,45.540000915527344,44.900001525878906,45.13999938964844,41.75723648071289,501500
2013-09-24,45.220001220703125,45.58000183105469,44.720001220703125,45.150001525878906,41.766483306884766,470500
2013-09-25,45.06999969482422,45.369998931884766,44.58000183105469,45.02000045776367,41.6462287902832,360500
2013-09-26,45.13999938964844,45.5099983215332,45.02000045776367,45.439998626708984,42.034751892089844,283800
2013-09-27,45.16999816894531,45.56999969482422,45.11000061035156,45.36000061035156,41.96074676513672,241900
2013-09-30,44.91999816894531,45.43000030517578,44.900001525878906,45.22999954223633,41.840492248535156,455700
2013-10-01,45.20000076293945,46.97999954223633,45.02000045776367,46.7599983215332,43.25583267211914,1144100
2013-10-02,46.27000045776367,46.65999984741211,45.29999923706055,45.630001068115234,42.21052169799805,567900
2013-10-03,45.40999984741211,46.18000030517578,44.86000061035156,45.95000076293945,42.506534576416016,633400
2013-10-04,46.06999969482422,46.5099983215332,45.77000045776367,46.189998626708984,42.728553771972656,478500
2013-10-07,45.83000183105469,46.310001373291016,45.689998626708984,45.81999969482422,42.386268615722656,408600
2013-10-08,45.970001220703125,46.08000183105469,45.2599983215332,45.45000076293945,42.04401397705078,476700
2013-10-09,45.400001525878906,46.0,45.150001525878906,45.41999816894531,42.01625442504883,843100
2013-10-10,45.86000061035156,47.02000045776367,45.650001525878906,46.900001525878906,43.385337829589844,576200
2013-10-11,46.79999923706055,47.31999969482422,46.79999923706055,47.04999923706055,43.524105072021484,346500
2013-10-14,46.650001525878906,47.779998779296875,46.630001068115234,47.72999954223633,44.153141021728516,395700
2013-10-15,47.68000030517578,47.720001220703125,47.18000030517578,47.25,43.70911407470703,372000
2013-10-16,47.34000015258789,48.400001525878906,47.25,47.91999816894531,44.32890319824219,392200
2013-10-17,47.81999969482422,48.310001373291016,47.81999969482422,48.099998474121094,44.49541473388672,389900
2013-10-18,48.97999954223633,49.91999816894531,48.599998474121094,49.47999954223633,45.77199935913086,848500
2013-10-21,49.650001525878906,49.75,49.2400016784668,49.56999969482422,45.855255126953125,423500
2013-10-22,49.68000030517578,50.40999984741211,49.459999084472656,50.27000045776367,46.50279998779297,821300
2013-10-23,50.11000061035156,50.75,49.709999084472656,50.68000030517578,46.88207244873047,649900
2013-10-24,50.84000015258789,50.97999954223633,50.13999938964844,50.279998779296875,46.51205062866211,412900
2013-10-25,50.41999816894531,50.79999923706055,50.209999084472656,50.63999938964844,46.84506607055664,516900
2013-10-28,50.61000061035156,50.81999969482422,49.40999984741211,49.61000061035156,45.89225387573242,676200
2013-10-29,50.20000076293945,51.0,49.650001525878906,49.90999984741211,46.16976547241211,744000
2013-10-30,50.150001525878906,50.279998779296875,49.189998626708984,49.290000915527344,45.59624481201172,455100
2013-10-31,49.38999938964844,49.75,48.369998931884766,48.43000030517578,44.800682067871094,762600
2013-11-01,50.11000061035156,51.5,48.25,48.9900016784668,45.318721771240234,705800
2013-11-04,48.779998779296875,49.849998474121094,48.779998779296875,49.70000076293945,45.97551345825195,405300
2013-11-05,49.63999938964844,50.349998474121094,49.4900016784668,50.099998474121094,46.34553146362305,436700
2013-11-06,50.40999984741211,50.75,50.119998931884766,50.52000045776367,46.73405838012695,290400
2013-11-07,50.70000076293945,50.970001220703125,49.36000061035156,49.380001068115234,45.67949295043945,541800
2013-11-08,49.560001373291016,51.18000030517578,49.400001525878906,51.119998931884766,47.289100646972656,446000
2013-11-11,51.02000045776367,52.02000045776367,51.0,51.40999984741211,47.557369232177734,638100
2013-11-12,51.20000076293945,51.560001373291016,50.130001068115234,50.18000030517578,46.4195442199707,389800
2013-11-13,49.869998931884766,50.650001525878906,49.84000015258789,50.650001525878906,46.85432052612305,375800
2013-11-14,50.779998779296875,50.84000015258789,50.41999816894531,50.540000915527344,46.7525634765625,258200
2013-11-15,50.58000183105469,51.61000061035156,50.349998474121094,51.58000183105469,47.714622497558594,387500
2013-11-18,51.52000045776367,51.810001373291016,50.93000030517578,51.130001068115234,47.298343658447266,345000
2013-11-19,51.22999954223633,51.599998474121094,50.93000030517578,51.36000061035156,47.51111602783203,309700
2013-11-20,51.36000061035156,52.970001220703125,51.209999084472656,52.91999816894531,48.954200744628906,920300
2013-11-21,53.02000045776367,54.36000061035156,53.02000045776367,54.13999938964844,50.08277130126953,820500
2013-11-22,54.310001373291016,54.790000915527344,53.849998474121094,54.529998779296875,50.44355392456055,587000
2013-11-25,54.7599983215332,54.7599983215332,53.7400016784668,53.79999923706055,49.76825714111328,368900
2013-11-26,53.630001068115234,53.63999938964844,52.869998931884766,53.209999084472656,49.38771438598633,350900
2013-11-27,53.20000076293945,53.31999969482422,52.45000076293945,52.689998626708984,48.90506362915039,337600
2013-11-29,52.779998779296875,52.95000076293945,52.25,52.279998779296875,48.52451705932617,231700
2013-12-02,52.470001220703125,53.849998474121094,52.29999923706055,52.97999954223633,49.17423629760742,657900
2013-12-03,52.72999954223633,52.79999923706055,51.16999816894531,51.27000045776367,47.587074279785156,670400
2013-12-04,50.849998474121094,51.27000045776367,50.15999984741211,51.13999938964844,47.46641159057617,519800
2013-12-05,50.880001068115234,51.18000030517578,50.349998474121094,50.59000015258789,46.95591354370117,720800
2013-12-06,50.959999084472656,51.869998931884766,50.66999816894531,51.45000076293945,47.754146575927734,713500
2013-12-09,51.5,52.18000030517578,51.06999969482422,51.189998626708984,47.5128173828125,486000
2013-12-10,50.709999084472656,51.63999938964844,50.68000030517578,51.38999938964844,47.698448181152344,360200
2013-12-11,52.040000915527344,52.040000915527344,50.5099983215332,50.72999954223633,47.08586120605469,609200
2013-12-12,50.93000030517578,52.290000915527344,50.720001220703125,51.70000076293945,47.98618698120117,724400
2013-12-13,51.970001220703125,52.2400016784668,51.33000183105469,51.75,48.0325927734375,375100
2013-12-16,52.060001373291016,52.83000183105469,52.0,52.599998474121094,48.82152557373047,516100
2013-12-17,52.5,52.77000045776367,52.2599983215332,52.349998474121094,48.58948516845703,457900
2013-12-18,52.5,52.54999923706055,51.34000015258789,52.43000030517578,48.66373825073242,692400
2013-12-19,52.25,52.4900016784668,51.75,51.939998626708984,48.20894241333008,508600
2013-12-20,52.029998779296875,52.43000030517578,51.66999816894531,52.380001068115234,48.61734390258789,1054500
2013-12-23,52.63999938964844,53.310001373291016,52.33000183105469,53.11000061035156,49.29489517211914,528500
2013-12-24,53.2599983215332,53.4900016784668,52.7400016784668,53.099998474121094,49.285606384277344,183200
2013-12-26,53.27000045776367,53.52000045776367,52.81999969482422,52.84000015258789,49.04429244995117,306700
2013-12-27,52.790000915527344,53.11000061035156,52.5,52.61000061035156,48.830806732177734,358900
2013-12-30,52.470001220703125,52.66999816894531,52.060001373291016,52.2400016784668,48.487396240234375,642200
2013-12-31,51.95000076293945,52.209999084472656,51.599998474121094,51.959999084472656,48.69356155395508,567400
2014-01-02,51.88999938964844,51.97999954223633,50.7599983215332,50.97999954223633,47.77516555786133,522100
2014-01-03,51.290000915527344,51.900001525878906,51.060001373291016,51.65999984741211,48.412418365478516,648600
2014-01-06,51.72999954223633,51.91999816894531,50.93000030517578,50.93000030517578,47.72831344604492,550900
2014-01-07,51.18000030517578,51.38999938964844,50.369998931884766,50.689998626708984,47.503395080566406,515200
2014-01-08,50.68000030517578,50.90999984741211,49.810001373291016,50.02000045776367,46.875518798828125,624800
2014-01-09,50.029998779296875,50.400001525878906,49.47999954223633,49.7599983215332,46.63185501098633,610400
2014-01-10,49.66999816894531,50.029998779296875,49.400001525878906,49.849998474121094,46.716209411621094,493900
2014-01-13,50.0,50.0,48.220001220703125,48.470001220703125,45.42295455932617,526300
2014-01-14,48.4900016784668,50.119998931884766,48.45000076293945,49.7400016784668,46.61312484741211,925000
2014-01-15,49.7400016784668,50.02000045776367,49.16999816894531,49.83000183105469,46.69746017456055,470100
2014-01-16,49.68000030517578,49.79999923706055,48.9900016784668,49.04999923706055,45.96649169921875,480800
2014-01-17,48.900001525878906,50.34000015258789,48.75,49.880001068115234,46.74431610107422,1331600
2014-01-21,50.880001068115234,50.97999954223633,49.84000015258789,49.869998931884766,46.734954833984375,648200
2014-01-22,50.060001373291016,50.970001220703125,49.95000076293945,50.75,47.559627532958984,568200
2014-01-23,50.709999084472656,50.970001220703125,50.11000061035156,50.72999954223633,47.5408821105957,829100
2014-01-24,50.65999984741211,50.7400016784668,49.810001373291016,50.029998779296875,46.884883880615234,678500
2014-01-27,50.2400016784668,50.459999084472656,48.91999816894531,49.02000045776367,45.938385009765625,752800
2014-01-28,49.310001373291016,50.27000045776367,49.119998931884766,50.189998626708984,47.03483581542969,726500
2014-01-29,49.9900016784668,50.400001525878906,49.709999084472656,49.720001220703125,46.59437942504883,681500
2014-01-30,50.369998931884766,51.63999938964844,50.04999923706055,51.400001525878906,48.168758392333984,786900
2014-01-31,50.75,52.45000076293945,50.70000076293945,52.02000045776367,48.74978256225586,790300
2014-02-03,52.099998474121094,52.310001373291016,49.0,49.130001068115234,46.04146957397461,1283300
2014-02-04,49.9900016784668,51.36000061035156,49.540000915527344,51.0,47.79391098022461,1053100
2014-02-05,51.0,51.27000045776367,50.150001525878906,50.720001220703125,47.53151321411133,475000
2014-02-06,51.0,51.709999084472656,50.86000061035156,51.68000030517578,48.4311637878418,664900
2014-02-07,52.0,53.599998474121094,51.5099983215332,53.41999816894531,50.0617790222168,705800
2014-02-10,53.93000030517578,54.5,53.41999816894531,54.369998931884766,50.952064514160156,922300
2014-02-11,54.369998931884766,55.5099983215332,54.369998931884766,54.7400016784668,51.298789978027344,934700
2014-02-12,54.869998931884766,56.060001373291016,54.70000076293945,56.04999923706055,52.526451110839844,720600
2014-02-13,55.86000061035156,57.2599983215332,55.7400016784668,56.65999984741211,53.09809875488281,997300
2014-02-14,56.72999954223633,57.09000015258789,55.849998474121094,56.310001373291016,52.77009963989258,630200
2014-02-18,56.52000045776367,56.720001220703125,56.06999969482422,56.4900016784668,52.93878173828125,433900
2014-02-19,56.310001373291016,56.45000076293945,55.290000915527344,55.349998474121094,51.870452880859375,540600
2014-02-20,55.439998626708984,55.75,54.349998474121094,54.689998626708984,51.251930236816406,763300
2014-02-21,54.79999923706055,54.95000076293945,54.08000183105469,54.16999816894531,50.76462173461914,630000
2014-02-24,54.560001373291016,54.93000030517578,54.2599983215332,54.27000045776367,50.85834503173828,501500
2014-02-25,54.34000015258789,54.54999923706055,53.72999954223633,53.86000061035156,50.47411346435547,347900
2014-02-26,53.869998931884766,54.38999938964844,53.5099983215332,53.720001220703125,50.51173400878906,407500
2014-02-27,53.70000076293945,54.040000915527344,53.349998474121094,53.91999816894531,50.69977951049805,370800
2014-02-28,54.0,54.86000061035156,53.900001525878906,54.029998779296875,50.8032112121582,527500
2014-03-03,53.29999923706055,55.45000076293945,53.0,55.400001525878906,52.09138870239258,879700
2014-03-04,55.5099983215332,56.68000030517578,55.5099983215332,56.59000015258789,53.210323333740234,637200
2014-03-05,56.58000183105469,57.2599983215332,56.33000183105469,57.25,53.830909729003906,557100
2014-03-06,57.2599983215332,58.2400016784668,57.0099983215332,57.400001525878906,53.97195053100586,562200
2014-03-07,57.63999938964844,57.709999084472656,57.09000015258789,57.279998779296875,53.85911178588867,340600
2014-03-10,57.06999969482422,57.349998474121094,56.439998626708984,56.459999084472656,53.08808517456055,436300
2014-03-11,56.40999984741211,56.540000915527344,55.84000015258789,56.11000061035156,52.758995056152344,423700
2014-03-12,55.77000045776367,56.689998626708984,55.5,56.63999938964844,53.25733947753906,329000
2014-03-13,56.93000030517578,57.4900016784668,56.70000076293945,57.18000030517578,53.76509475708008,675300
2014-03-14,57.20000076293945,58.7400016784668,57.150001525878906,58.540000915527344,55.04386520385742,997500
2014-03-17,58.86000061035156,59.279998779296875,58.400001525878906,58.61000061035156,55.10968780517578,662800
2014-03-18,58.61000061035156,58.93000030517578,57.06999969482422,57.099998474121094,53.68986511230469,825600
2014-03-19,57.15999984741211,57.33000183105469,55.9900016784668,56.20000076293945,52.84361267089844,710600
2014-03-20,55.959999084472656,56.66999816894531,55.84000015258789,56.65999984741211,53.27614974975586,545900
2014-03-21,56.810001373291016,56.95000076293945,55.939998626708984,55.97999954223633,52.636749267578125,786500
2014-03-24,56.2400016784668,56.619998931884766,55.31999969482422,56.56999969482422,53.19152069091797,679900
2014-03-25,57.0,58.150001525878906,56.65999984741211,56.97999954223633,53.57703399658203,998200
2014-03-26,57.2599983215332,57.560001373291016,56.0099983215332,56.060001373291016,52.711971282958984,597200
2014-03-27,56.0099983215332,56.52000045776367,55.31999969482422,56.47999954223633,53.10689163208008,865200
2014-03-28,56.560001373291016,56.77000045776367,55.45000076293945,55.75,52.42048645019531,625800
2014-03-31,56.290000915527344,56.81999969482422,55.83000183105469,56.599998474121094,53.219730377197266,543900
2014-04-01,56.720001220703125,56.97999954223633,55.79999923706055,56.31999969482422,52.95645523071289,1064500
2014-04-02,56.02000045776367,56.040000915527344,54.41999816894531,55.25,51.950355529785156,1051500
2014-04-03,55.209999084472656,55.459999084472656,54.31999969482422,54.75,51.4802131652832,795000
2014-04-04,55.09000015258789,55.34000015258789,53.130001068115234,53.7400016784668,50.5305290222168,1019600
2014-04-07,53.70000076293945,53.970001220703125,51.619998931884766,51.66999816894531,48.58415222167969,832400
2014-04-08,51.66999816894531,51.869998931884766,50.650001525878906,51.11000061035156,48.05759811401367,1056900
2014-04-09,52.29999923706055,52.560001373291016,51.63999938964844,52.369998931884766,49.24235534667969,1072300
2014-04-10,52.209999084472656,52.380001068115234,51.119998931884766,51.119998931884766,48.066993713378906,652400
2014-04-11,50.939998626708984,51.56999969482422,50.33000183105469,50.75,47.7191047668457,586000
2014-04-14,50.90999984741211,51.099998474121094,49.95000076293945,50.43000030517578,47.418212890625,930700
2014-04-15,50.47999954223633,51.099998474121094,49.29999923706055,50.439998626708984,47.42761993408203,805200
2014-04-16,51.0099983215332,51.630001068115234,50.720001220703125,51.5099983215332,48.4337158203125,425500
2014-04-17,51.41999816894531,52.59000015258789,51.150001525878906,52.20000076293945,49.0825080871582,726400
2014-04-21,52.15999984741211,52.310001373291016,51.529998779296875,52.04999923706055,48.941463470458984,366600
2014-04-22,52.06999969482422,52.93000030517578,51.619998931884766,52.7400016784668,49.59025192260742,512300
2014-04-23,52.65999984741211,53.04999923706055,52.34000015258789,52.66999816894531,49.52443313598633,359100
2014-04-24,53.029998779296875,53.189998626708984,52.34000015258789,52.93000030517578,49.76891326904297,372300
2014-04-25,52.630001068115234,52.779998779296875,52.36000061035156,52.439998626708984,49.30817413330078,360700
2014-04-28,52.630001068115234,53.040000915527344,51.79999923706055,52.470001220703125,49.33638000488281,304200
2014-04-29,52.709999084472656,53.119998931884766,52.5,52.90999984741211,49.75010299682617,272000
2014-04-30,53.02000045776367,53.400001525878906,52.439998626708984,53.36000061035156,50.1732292175293,392100
2014-05-01,53.349998474121094,53.47999954223633,52.68000030517578,53.459999084472656,50.26725387573242,374200
2014-05-02,53.4900016784668,53.72999954223633,52.75,52.779998779296875,49.62786865234375,365500
2014-05-05,52.47999954223633,53.43000030517578,52.029998779296875,53.290000915527344,50.1074104309082,432900
2014-05-06,53.099998474121094,53.47999954223633,51.41999816894531,51.9900016784668,48.885047912597656,789500
2014-05-07,51.790000915527344,52.290000915527344,50.29999923706055,51.06999969482422,48.019989013671875,899800
2014-05-08,50.90999984741211,52.16999816894531,50.810001373291016,50.970001220703125,47.92596435546875,495900
2014-05-09,50.970001220703125,51.0099983215332,50.16999816894531,50.810001373291016,47.7755241394043,368000
2014-05-12,51.060001373291016,51.849998474121094,51.0099983215332,51.54999923706055,48.471317291259766,386000
2014-05-13,51.459999084472656,51.689998626708984,50.790000915527344,50.86000061035156,47.822532653808594,354700
2014-05-14,50.75,50.75,50.150001525878906,50.18000030517578,47.18314743041992,369000
2014-05-15,49.91999816894531,50.08000183105469,48.709999084472656,49.060001373291016,46.13003158569336,952100
2014-05-16,49.13999938964844,49.40999984741211,48.279998779296875,48.720001220703125,45.810333251953125,765900
2014-05-19,48.439998626708984,49.150001525878906,48.439998626708984,48.849998474121094,45.93257522583008,806200
2014-05-20,48.720001220703125,49.04999923706055,48.16999816894531,48.25,45.368408203125,660700
2014-05-21,48.380001068115234,49.400001525878906,48.380001068115234,49.040000915527344,46.11123275756836,721900
2014-05-22,49.13999938964844,49.81999969482422,49.060001373291016,49.36000061035156,46.412113189697266,459000
2014-05-23,49.5,50.150001525878906,49.47999954223633,49.81999969482422,46.84463882446289,547900
2014-05-27,49.93000030517578,50.939998626708984,49.93000030517578,50.83000183105469,47.7943229675293,664500
2014-05-28,50.709999084472656,50.959999084472656,49.880001068115234,50.66999816894531,47.813194274902344,732900
2014-05-29,50.939998626708984,50.97999954223633,50.310001373291016,50.599998474121094,47.74714660644531,526700
2014-05-30,50.599998474121094,50.93000030517578,50.529998779296875,50.68000030517578,47.822628021240234,544000
2014-06-02,50.70000076293945,50.86000061035156,49.900001525878906,50.25,47.41687774658203,471800
2014-06-03,49.7599983215332,49.86000061035156,47.939998626708984,48.060001373291016,45.35034942626953,1396600
2014-06-04,47.72999954223633,47.90999984741211,46.84000015258789,47.83000183105469,45.133323669433594,1650900
2014-06-05,48.06999969482422,48.36000061035156,47.56999969482422,48.209999084472656,45.49188995361328,997300
2014-06-06,48.58000183105469,49.099998474121094,48.41999816894531,48.66999816894531,45.92594909667969,747500
2014-06-09,48.529998779296875,48.970001220703125,48.34000015258789,48.66999816894531,45.92594909667969,519400
2014-06-10,48.0099983215332,48.45000076293945,47.54999923706055,47.599998474121094,44.916282653808594,943700
2014-06-11,47.43000030517578,48.20000076293945,47.029998779296875,48.08000183105469,45.36922073364258,916800
2014-06-12,48.06999969482422,49.720001220703125,48.0,49.25,46.47325897216797,874300
2014-06-13,49.380001068115234,50.34000015258789,49.25,50.20000076293945,47.36968994140625,1114800
2014-06-16,50.0099983215332,50.540000915527344,49.88999938964844,50.25,47.41687774658203,1002700
2014-06-17,50.060001373291016,51.59000015258789,50.029998779296875,51.310001373291016,48.417110443115234,874300
2014-06-18,51.279998779296875,51.5,50.279998779296875,50.29999923706055,47.46406173706055,1110700
2014-06-19,50.470001220703125,50.54999923706055,48.810001373291016,49.459999084472656,46.67142105102539,1287000
2014-06-20,49.439998626708984,49.65999984741211,48.86000061035156,48.880001068115234,46.12411117553711,1085100
2014-06-23,48.959999084472656,49.36000061035156,48.77000045776367,49.22999954223633,46.45439147949219,605200
2014-06-24,48.86000061035156,49.189998626708984,48.2599983215332,48.41999816894531,45.690040588378906,639900
2014-06-25,48.099998474121094,49.290000915527344,48.099998474121094,48.7400016784668,45.992008209228516,714000
2014-06-26,48.66999816894531,49.150001525878906,48.33000183105469,48.939998626708984,46.180728912353516,491400
2014-06-27,48.84000015258789,49.47999954223633,48.72999954223633,49.09000015258789,46.3222770690918,460900
2014-06-30,48.9900016784668,49.34000015258789,48.869998931884766,49.209999084472656,46.435508728027344,555300
2014-07-01,49.08000183105469,49.56999969482422,48.880001068115234,48.97999954223633,46.218482971191406,705000
2014-07-02,48.900001525878906,49.06999969482422,48.279998779296875,48.43000030517578,45.699485778808594,763300
2014-07-03,48.4900016784668,48.83000183105469,48.400001525878906,48.459999084472656,45.727806091308594,562000
2014-07-07,48.439998626708984,48.720001220703125,47.900001525878906,48.29999923706055,45.576820373535156,688200
2014-07-08,47.97999954223633,48.45000076293945,47.27000045776367,47.369998931884766,44.699249267578125,1115900
2014-07-09,47.7400016784668,48.06999969482422,47.02000045776367,47.630001068115234,44.94459533691406,575500
2014-07-10,46.849998474121094,47.290000915527344,46.68000030517578,46.869998931884766,44.22743606567383,549300
2014-07-11,46.869998931884766,47.09000015258789,46.560001373291016,46.939998626708984,44.29349899291992,572300
2014-07-14,47.290000915527344,47.91999816894531,47.279998779296875,47.66999816894531,44.98234558105469,464500
2014-07-15,47.2400016784668,47.77000045776367,46.9900016784668,47.20000076293945,44.538841247558594,716600
2014-07-16,47.310001373291016,47.540000915527344,46.52000045776367,46.7599983215332,44.12364196777344,580000
2014-07-17,46.650001525878906,48.25,46.54999923706055,48.150001525878906,45.43528747558594,1178900
2014-07-18,48.099998474121094,49.04999923706055,48.029998779296875,48.959999084472656,46.19961166381836,926200
2014-07-21,48.58000183105469,49.619998931884766,48.540000915527344,49.59000015258789,46.79408645629883,762200
2014-07-22,49.66999816894531,49.7599983215332,48.08000183105469,48.08000183105469,45.36922073364258,1886300
2014-07-23,48.34000015258789,48.65999984741211,47.849998474121094,48.45000076293945,45.718360900878906,575600
2014-07-24,48.59000015258789,48.9900016784668,48.40999984741211,48.72999954223633,45.982574462890625,412000
2014-07-25,48.560001373291016,48.959999084472656,48.13999938964844,48.83000183105469,46.07693862915039,461500
2014-07-28,48.7599983215332,49.41999816894531,48.540000915527344,49.209999084472656,46.435508728027344,392300
2014-07-29,49.15999984741211,49.560001373291016,48.68000030517578,48.7400016784668,45.992008209228516,622300
2014-07-30,48.970001220703125,49.31999969482422,48.599998474121094,49.11000061035156,46.34114456176758,451800
2014-07-31,49.119998931884766,49.439998626708984,48.470001220703125,48.470001220703125,45.737239837646484,949700
2014-08-01,48.470001220703125,49.79999923706055,47.02000045776367,49.709999084472656,46.907318115234375,1308900
2014-08-04,49.880001068115234,50.150001525878906,48.810001373291016,49.20000076293945,46.426082611083984,767500
2014-08-05,48.79999923706055,49.70000076293945,48.779998779296875,49.650001525878906,46.8507080078125,670900
2014-08-06,49.41999816894531,50.209999084472656,49.41999816894531,50.150001525878906,47.322513580322266,604400
2014-08-07,50.0099983215332,50.41999816894531,49.869998931884766,50.20000076293945,47.36968994140625,680900
2014-08-08,50.349998474121094,50.72999954223633,50.04999923706055,50.68000030517578,47.822628021240234,568600
2014-08-11,50.779998779296875,50.970001220703125,50.380001068115234,50.68000030517578,47.822628021240234,497700
2014-08-12,50.560001373291016,51.04999923706055,50.130001068115234,50.36000061035156,47.52067947387695,696600
2014-08-13,50.439998626708984,50.93000030517578,50.439998626708984,50.529998779296875,47.68109130859375,638000
2014-08-14,50.619998931884766,50.709999084472656,50.09000015258789,50.45000076293945,47.605594635009766,591600
2014-08-15,50.709999084472656,51.20000076293945,50.400001525878906,51.11000061035156,48.22838592529297,704400
2014-08-18,51.25,52.11000061035156,51.2400016784668,51.75,48.83230972290039,602100
2014-08-19,51.849998474121094,51.95000076293945,51.380001068115234,51.529998779296875,48.624717712402344,768900
2014-08-20,51.290000915527344,51.54999923706055,50.720001220703125,51.02000045776367,48.14347457885742,687500
2014-08-21,51.02000045776367,51.119998931884766,50.540000915527344,51.0099983215332,48.13401794433594,572400
2014-08-22,50.90999984741211,51.33000183105469,50.720001220703125,51.060001373291016,48.18120574951172,363300
2014-08-25,52.02000045776367,53.36000061035156,51.869998931884766,53.04999923706055,50.05901336669922,954700
2014-08-26,53.18000030517578,54.15999984741211,52.869998931884766,53.88999938964844,50.851654052734375,771600
2014-08-27,53.869998931884766,53.970001220703125,52.36000061035156,52.88999938964844,50.103267669677734,963100
2014-08-28,52.720001220703125,53.29999923706055,52.599998474121094,53.02000045776367,50.226417541503906,360200
2014-08-29,53.209999084472656,53.310001373291016,52.77000045776367,53.029998779296875,50.23590087890625,353500
2014-09-02,53.16999816894531,53.65999984741211,52.79999923706055,53.400001525878906,50.586402893066406,508300
2014-09-03,53.900001525878906,53.900001525878906,52.91999816894531,53.08000183105469,50.28325653076172,414000
2014-09-04,53.349998474121094,53.470001220703125,52.5099983215332,52.95000076293945,50.16010665893555,470100
2014-09-05,52.86000061035156,53.41999816894531,52.52000045776367,53.33000183105469,50.52008819580078,407000
2014-09-08,53.310001373291016,54.029998779296875,53.310001373291016,53.970001220703125,51.126365661621094,517200
2014-09-09,53.81999969482422,54.189998626708984,53.599998474121094,53.77000045776367,50.936912536621094,812700
2014-09-10,53.91999816894531,54.41999816894531,53.540000915527344,54.349998474121094,51.48634719848633,577900
2014-09-11,54.43000030517578,54.83000183105469,54.04999923706055,54.540000915527344,51.66633987426758,697700
2014-09-12,54.68000030517578,55.27000045776367,54.58000183105469,54.810001373291016,51.922115325927734,846100
2014-09-15,54.77000045776367,54.90999984741211,54.5099983215332,54.72999954223633,51.84632873535156,396600
2014-09-16,54.540000915527344,55.189998626708984,54.380001068115234,54.75,51.86526870727539,701600
2014-09-17,54.63999938964844,55.560001373291016,54.5,55.33000183105469,52.41471862792969,506000
2014-09-18,55.619998931884766,56.36000061035156,55.36000061035156,55.810001373291016,52.869422912597656,634500
2014-09-19,56.0099983215332,56.119998931884766,54.83000183105469,55.119998931884766,52.215782165527344,810400
2014-09-22,55.099998474121094,55.2599983215332,54.31999969482422,54.54999923706055,51.67580795288086,598800
2014-09-23,54.47999954223633,54.66999816894531,54.0099983215332,54.13999938964844,51.28741455078125,445800
2014-09-24,54.36000061035156,54.540000915527344,53.56999969482422,53.970001220703125,51.126365661621094,379700
2014-09-25,53.939998626708984,53.939998626708984,52.779998779296875,53.52000045776367,50.70008850097656,707300
2014-09-26,53.66999816894531,53.88999938964844,53.15999984741211,53.810001373291016,50.97480010986328,369700
2014-09-29,53.2400016784668,53.599998474121094,53.08000183105469,53.459999084472656,50.643245697021484,349500
2014-09-30,53.470001220703125,53.90999984741211,53.220001220703125,53.529998779296875,50.70955276489258,457900
2014-10-01,53.61000061035156,53.779998779296875,52.900001525878906,53.439998626708984,50.624290466308594,806700
2014-10-02,53.63999938964844,54.540000915527344,53.43000030517578,54.34000015258789,51.47688293457031,710200
2014-10-03,54.77000045776367,54.88999938964844,54.130001068115234,54.4900016784668,51.61897659301758,561400
2014-10-06,54.650001525878906,54.970001220703125,54.209999084472656,54.41999816894531,51.55265808105469,407800
2014-10-07,54.0099983215332,54.599998474121094,53.689998626708984,53.86000061035156,51.02216339111328,731400
2014-10-08,53.86000061035156,55.400001525878906,53.61000061035156,55.380001068115234,52.46208572387695,796000
2014-10-09,55.20000076293945,56.150001525878906,54.720001220703125,55.900001525878906,52.954689025878906,1012500
2014-10-10,55.86000061035156,56.619998931884766,55.2400016784668,55.619998931884766,52.68943405151367,747200
2014-10-13,55.5099983215332,55.63999938964844,54.650001525878906,54.77000045776367,51.88422393798828,692400
2014-10-14,55.20000076293945,55.849998474121094,54.84000015258789,55.56999969482422,52.642066955566406,612800
2014-10-15,54.93000030517578,57.0,54.20000076293945,56.45000076293945,53.4756965637207,948000
2014-10-16,56.27000045776367,56.970001220703125,55.400001525878906,55.560001373291016,52.63260269165039,1078700
2014-10-17,55.880001068115234,55.959999084472656,53.75,54.34000015258789,51.47688293457031,1027900
2014-10-20,54.470001220703125,56.119998931884766,53.9900016784668,56.11000061035156,53.153621673583984,713800
2014-10-21,56.369998931884766,56.459999084472656,55.529998779296875,56.25,53.28623580932617,725300
2014-10-22,56.22999954223633,56.66999816894531,55.97999954223633,56.31999969482422,53.35255813598633,461900
2014-10-23,56.7599983215332,57.31999969482422,56.349998474121094,56.959999084472656,53.958839416503906,399400
2014-10-24,56.95000076293945,57.619998931884766,56.93000030517578,57.540000915527344,54.508270263671875,303500
2014-10-27,57.619998931884766,57.95000076293945,57.31999969482422,57.59000015258789,54.55563735961914,369900
2014-10-28,57.709999084472656,58.08000183105469,57.22999954223633,57.77000045776367,54.72615432739258,353600
2014-10-29,57.939998626708984,58.29999923706055,57.65999984741211,58.279998779296875,55.20927810668945,342400
2014-10-30,58.02000045776367,58.790000915527344,57.959999084472656,58.41999816894531,55.34189224243164,554500
2014-10-31,58.459999084472656,59.099998474121094,56.470001220703125,58.939998626708984,55.83450698852539,940200
2014-11-03,59.25,60.95000076293945,59.16999816894531,60.5099983215332,57.321773529052734,1007100
2014-11-04,60.90999984741211,62.54999923706055,60.75,62.150001525878906,58.87537384033203,1242900
2014-11-05,62.209999084472656,63.27000045776367,60.93000030517578,61.47999954223633,58.24067687988281,1615500
2014-11-06,60.97999954223633,62.06999969482422,60.880001068115234,61.38999938964844,58.15542221069336,709400
2014-11-07,61.52000045776367,62.06999969482422,61.099998474121094,61.88999938964844,58.62907409667969,558300
2014-11-10,61.939998626708984,62.150001525878906,61.43000030517578,61.869998931884766,58.61012268066406,395700
2014-11-11,61.869998931884766,62.65999984741211,61.72999954223633,62.380001068115234,59.09325408935547,532700
2014-11-12,60.7599983215332,61.349998474121094,60.54999923706055,61.04999923706055,57.83332443237305,642800
2014-11-13,61.04999923706055,61.439998626708984,60.36000061035156,60.880001068115234,57.67229080200195,585000
2014-11-14,60.7599983215332,61.27000045776367,60.54999923706055,60.810001373291016,57.60597610473633,309000
2014-11-17,60.79999923706055,60.849998474121094,59.70000076293945,60.13999938964844,56.97127914428711,474800
2014-11-18,60.150001525878906,60.70000076293945,59.61000061035156,59.619998931884766,56.47867965698242,536900
2014-11-19,59.45000076293945,59.9900016784668,59.0,59.86000061035156,56.70604705810547,711900
2014-11-20,59.61000061035156,60.13999938964844,59.349998474121094,59.4900016784668,56.35552978515625,417500
2014-11-21,59.88999938964844,60.369998931884766,58.689998626708984,59.43000030517578,56.298702239990234,607600
2014-11-24,58.939998626708984,60.18000030517578,58.939998626708984,59.380001068115234,56.251319885253906,464700
2014-11-25,59.380001068115234,59.86000061035156,58.77000045776367,59.45000076293945,56.517513275146484,387300
2014-11-26,59.63999938964844,59.939998626708984,59.060001373291016,59.779998779296875,56.831233978271484,396900
2014-11-28,60.0,61.15999984741211,59.810001373291016,59.90999984741211,56.95482635498047,283400
2014-12-01,59.81999969482422,60.709999084472656,59.439998626708984,60.150001525878906,57.182979583740234,550200
2014-12-02,59.83000183105469,60.72999954223633,59.290000915527344,60.529998779296875,57.54424285888672,719300
2014-12-03,59.4900016784668,60.63999938964844,59.2400016784668,60.349998474121094,57.37310791015625,918000
2014-12-04,60.31999969482422,60.68000030517578,59.93000030517578,60.56999969482422,57.582271575927734,474300
2014-12-05,60.86000061035156,61.470001220703125,60.15999984741211,60.709999084472656,57.71535873413086,500500
2014-12-08,60.5099983215332,62.029998779296875,60.040000915527344,61.63999938964844,58.59947967529297,537100
2014-12-09,61.2599983215332,62.20000076293945,60.380001068115234,62.130001068115234,59.06532287597656,710300
2014-12-10,62.18000030517578,63.65999984741211,61.869998931884766,63.16999816894531,60.054012298583984,974700
2014-12-11,63.540000915527344,63.869998931884766,62.77000045776367,63.529998779296875,60.396263122558594,515200
2014-12-12,62.83000183105469,63.20000076293945,62.11000061035156,62.34000015258789,59.264957427978516,750600
2014-12-15,62.56999969482422,62.72999954223633,61.209999084472656,62.209999084472656,59.141357421875,708100
2014-12-16,62.060001373291016,62.93000030517578,61.58000183105469,62.209999084472656,59.141357421875,673400
2014-12-17,62.54999923706055,62.900001525878906,62.130001068115234,62.779998779296875,59.68325424194336,667500
2014-12-18,63.25,64.48999786376953,62.939998626708984,64.47000122070312,61.289894104003906,571600
2014-12-19,64.30999755859375,64.79000091552734,63.650001525878906,64.16999816894531,61.00468826293945,1140600
2014-12-22,64.18000030517578,64.79000091552734,63.93000030517578,64.68000030517578,61.489532470703125,441800
2014-12-23,64.8499984741211,65.38999938964844,64.6500015258789,64.69000244140625,61.49904251098633,360000
2014-12-24,64.86000061035156,65.36000061035156,64.38999938964844,64.52999877929688,61.346920013427734,243100
2014-12-26,64.88999938964844,65.16999816894531,64.16999816894531,64.19000244140625,61.023704528808594,171200
2014-12-29,64.0999984741211,65.16000366210938,63.08000183105469,64.58999633789062,61.40396499633789,275900
2014-12-30,64.6500015258789,65.0,63.81999969482422,64.13999938964844,60.976173400878906,279200
2014-12-31,64.25,64.63999938964844,63.400001525878906,63.41999816894531,60.29167938232422,328100
2015-01-02,63.880001068115234,64.16000366210938,63.0,63.36000061035156,60.23463821411133,347700
2015-01-05,63.22999954223633,65.72000122070312,62.810001373291016,65.37999725341797,62.154991149902344,839000
2015-01-06,65.75,66.20999908447266,65.37999725341797,66.05999755859375,62.80146789550781,1234500
2015-01-07,66.08999633789062,67.29000091552734,65.58999633789062,67.18000030517578,63.8662109375,520200
2015-01-08,67.58000183105469,68.0,66.33999633789062,66.5,63.219764709472656,712800
2015-01-09,66.26000213623047,66.62000274658203,65.9800033569336,66.0,62.744415283203125,418900
2015-01-12,66.27999877929688,66.79000091552734,65.94000244140625,66.13999938964844,62.87751388549805,473100
2015-01-13,65.51000213623047,66.38999938964844,65.0,65.37000274658203,62.14550018310547,769600
2015-01-14,64.97000122070312,65.25,64.36000061035156,65.0199966430664,61.81275177001953,493100
2015-01-15,64.75,65.72000122070312,64.75,65.05999755859375,61.85078811645508,356500
2015-01-16,65.06999969482422,66.58999633789062,64.72000122070312,66.48999786376953,63.21025466918945,726700
2015-01-20,66.76000213623047,67.37000274658203,65.44000244140625,65.88999938964844,62.63984680175781,428600
2015-01-21,65.75,65.94999694824219,63.47999954223633,63.90999984741211,60.75751876831055,1126000
2015-01-22,64.19999694824219,66.06999969482422,63.52000045776367,65.87999725341797,62.63032913208008,639200
2015-01-23,65.9800033569336,66.23999786376953,65.43000030517578,65.87000274658203,62.62083435058594,377500
2015-01-26,65.7300033569336,66.72000122070312,65.0,66.41999816894531,63.143707275390625,376600
2015-01-27,65.81999969482422,66.8499984741211,65.6500015258789,65.69999694824219,62.45920944213867,312900
2015-01-28,66.16999816894531,66.55000305175781,64.95999908447266,65.30000305175781,62.078956604003906,606800
2015-01-29,65.26000213623047,65.94000244140625,65.0,65.62000274658203,62.383174896240234,682600
2015-01-30,65.3499984741211,65.41000366210938,64.26000213623047,64.47000122070312,61.289894104003906,514800
2015-02-02,64.44999694824219,64.77999877929688,63.369998931884766,63.9900016784668,60.83356475830078,864700
2015-02-03,63.9900016784668,64.41000366210938,63.0,63.88999938964844,60.73849868774414,981400
2015-02-04,63.650001525878906,64.87999725341797,63.650001525878906,64.48999786376953,61.30890655517578,1101500
2015-02-05,64.94999694824219,65.86000061035156,64.80000305175781,65.13999938964844,61.92683410644531,802100
2015-02-06,62.119998931884766,63.02000045776367,60.95000076293945,62.459999084472656,59.37903594970703,1647600
2015-02-09,61.4900016784668,61.90999984741211,61.099998474121094,61.33000183105469,58.304779052734375,856100
2015-02-10,61.77000045776367,61.779998779296875,61.08000183105469,61.59000015258789,58.55195236206055,561200
2015-02-11,61.720001220703125,62.529998779296875,61.439998626708984,62.040000915527344,58.97975540161133,649400
2015-02-12,62.11000061035156,62.58000183105469,61.880001068115234,62.16999816894531,59.10334396362305,525500
2015-02-13,62.27000045776367,63.150001525878906,61.95000076293945,63.0099983215332,59.90189743041992,570700
2015-02-17,62.7599983215332,63.15999984741211,62.36000061035156,62.61000061035156,59.52164077758789,483100
2015-02-18,62.31999969482422,62.7400016784668,61.43000030517578,62.13999938964844,59.0748176574707,760700
2015-02-19,62.08000183105469,62.560001373291016,61.68000030517578,61.959999084472656,58.90370559692383,409500
2015-02-20,61.95000076293945,62.650001525878906,61.63999938964844,62.61000061035156,59.52164077758789,560900
2015-02-23,62.36000061035156,63.02000045776367,62.029998779296875,63.0,59.892398834228516,489300
2015-02-24,62.83000183105469,63.38999938964844,62.45000076293945,62.689998626708984,59.59769058227539,779400
2015-02-25,62.66999816894531,63.0,61.650001525878906,61.86000061035156,59.00629806518555,660300
2015-02-26,61.709999084472656,62.08000183105469,60.619998931884766,60.849998474121094,58.042884826660156,696400
2015-02-27,59.75,60.31999969482422,59.380001068115234,60.029998779296875,57.260711669921875,814400
2015-03-02,59.849998474121094,59.9900016784668,58.66999816894531,59.47999954223633,56.736087799072266,1290000
2015-03-03,59.0,59.22999954223633,58.189998626708984,58.97999954223633,56.2591552734375,1246900
2015-03-04,58.95000076293945,59.20000076293945,58.439998626708984,58.54999923706055,55.848995208740234,680700
2015-03-05,58.529998779296875,59.06999969482422,58.02000045776367,58.95000076293945,56.230533599853516,665000
2015-03-06,58.63999938964844,60.22999954223633,58.41999816894531,59.88999938964844,57.12717819213867,1607900
2015-03-09,60.029998779296875,60.779998779296875,59.619998931884766,60.439998626708984,57.65179443359375,1089900
2015-03-10,60.130001068115234,60.790000915527344,59.79999923706055,60.59000015258789,57.794891357421875,841800
2015-03-11,60.47999954223633,60.83000183105469,59.91999816894531,60.720001220703125,57.91889190673828,698400
2015-03-12,61.099998474121094,61.15999984741211,59.54999923706055,59.709999084472656,56.955474853515625,1061200
2015-03-13,59.65999984741211,60.08000183105469,58.93000030517578,59.40999984741211,56.6693115234375,552000
2015-03-16,59.83000183105469,60.56999969482422,59.77000045776367,60.0,57.23210144042969,433800
2015-03-17,59.849998474121094,59.959999084472656,59.290000915527344,59.869998931884766,57.10809326171875,393000
2015-03-18,59.400001525878906,59.72999954223633,58.66999816894531,58.779998779296875,56.06837844848633,759000
2015-03-19,58.63999938964844,59.90999984741211,58.63999938964844,59.81999969482422,57.060401916503906,479300
2015-03-20,60.02000045776367,60.02000045776367,59.189998626708984,59.5099983215332,56.76470184326172,810700
2015-03-23,59.31999969482422,59.7400016784668,59.189998626708984,59.45000076293945,56.70746994018555,577000
2015-03-24,59.310001373291016,59.470001220703125,58.06999969482422,58.25,55.562828063964844,1140900
2015-03-25,58.52000045776367,58.52000045776367,57.06999969482422,57.11000061035156,54.47542190551758,799400
2015-03-26,56.720001220703125,58.11000061035156,56.56999969482422,57.72999954223633,55.06682205200195,738300
2015-03-27,57.439998626708984,57.90999984741211,56.959999084472656,57.470001220703125,54.818817138671875,482500
2015-03-30,57.72999954223633,58.41999816894531,57.689998626708984,58.22999954223633,55.54375457763672,441500
2015-03-31,57.970001220703125,58.22999954223633,57.15999984741211,57.40999984741211,54.76158142089844,551800
2015-04-01,57.11000061035156,57.5,56.5099983215332,56.720001220703125,54.10341262817383,625200
2015-04-02,56.220001220703125,56.45000076293945,55.2599983215332,56.02000045776367,53.43570327758789,1543700
2015-04-06,56.02000045776367,56.31999969482422,55.52000045776367,56.18000030517578,53.58831787109375,947000
2015-04-07,56.36000061035156,57.529998779296875,56.220001220703125,56.68000030517578,54.06525421142578,1476600
2015-04-08,56.709999084472656,57.20000076293945,56.47999954223633,56.56999969482422,53.96033477783203,933300
2015-04-09,56.540000915527344,57.15999984741211,56.369998931884766,57.150001525878906,54.51357650756836,635300
2015-04-10,57.04999923706055,57.29999923706055,56.5,57.22999954223633,54.589881896972656,429400
2015-04-13,57.099998474121094,57.459999084472656,57.040000915527344,57.27000045776367,54.628047943115234,458000
2015-04-14,57.040000915527344,58.150001525878906,56.880001068115234,58.119998931884766,55.4388313293457,995600
2015-04-15,58.290000915527344,58.77000045776367,57.939998626708984,58.400001525878906,55.705909729003906,821900
2015-04-16,58.20000076293945,58.810001373291016,57.61000061035156,58.5,55.80129623413086,621200
2015-04-17,58.290000915527344,58.77000045776367,57.529998779296875,58.0,55.32436752319336,726200
2015-04-20,58.22999954223633,58.43000030517578,57.630001068115234,57.650001525878906,54.990509033203125,468800
2015-04-21,57.790000915527344,58.16999816894531,57.310001373291016,57.33000183105469,54.68527603149414,512300
2015-04-22,57.31999969482422,57.58000183105469,57.02000045776367,57.310001373291016,54.66618728637695,353300
2015-04-23,57.040000915527344,57.779998779296875,56.849998474121094,57.63999938964844,54.9809684753418,523000
2015-04-24,57.75,57.75,57.09000015258789,57.25,54.60896301269531,314700
2015-04-27,57.27000045776367,57.630001068115234,56.5,56.54999923706055,53.94125747680664,461100
2015-04-28,56.70000076293945,57.310001373291016,56.310001373291016,57.099998474121094,54.465877532958984,328500
2015-04-29,56.72999954223633,57.34000015258789,56.72999954223633,56.88999938964844,54.26557159423828,361100
2015-04-30,56.810001373291016,57.099998474121094,56.0,56.27000045776367,53.67417526245117,1065700
2015-05-01,56.790000915527344,58.060001373291016,55.2599983215332,55.5099983215332,52.94923400878906,1109300
2015-05-04,55.63999938964844,55.97999954223633,55.22999954223633,55.529998779296875,52.96830749511719,819200
2015-05-05,55.310001373291016,55.939998626708984,55.040000915527344,55.5,52.939697265625,601800
2015-05-06,55.630001068115234,56.209999084472656,55.54999923706055,55.81999969482422,53.24493408203125,603400
2015-05-07,55.560001373291016,57.150001525878906,55.540000915527344,56.84000015258789,54.21788024902344,885300
2015-05-08,57.029998779296875,57.41999816894531,56.9900016784668,57.27000045776367,54.628047943115234,460300
2015-05-11,57.38999938964844,58.18000030517578,56.97999954223633,58.09000015258789,55.41020965576172,537600
2015-05-12,57.72999954223633,58.84000015258789,57.400001525878906,58.77000045776367,56.058837890625,910900
2015-05-13,58.56999969482422,58.90999984741211,58.36000061035156,58.849998474121094,56.13515090942383,1016600
2015-05-14,59.0099983215332,59.40999984741211,58.779998779296875,59.400001525878906,56.659786224365234,481800
2015-05-15,59.560001373291016,59.61000061035156,58.25,58.689998626708984,55.98252868652344,550300
2015-05-18,58.7599983215332,58.93000030517578,58.2599983215332,58.310001373291016,55.62006378173828,768900
2015-05-19,58.5099983215332,58.900001525878906,58.060001373291016,58.45000076293945,55.75360870361328,712700
2015-05-20,58.369998931884766,58.7599983215332,58.04999923706055,58.150001525878906,55.46744918823242,513600
2015-05-21,58.209999084472656,58.209999084472656,57.7599983215332,58.060001373291016,55.381591796875,350400
2015-05-22,58.4900016784668,59.2400016784668,58.400001525878906,59.15999984741211,56.43084716796875,469200
2015-05-26,58.959999084472656,59.31999969482422,58.5099983215332,58.810001373291016,56.09699630737305,572700
2015-05-27,58.810001373291016,58.90999984741211,58.15999984741211,58.380001068115234,55.88638687133789,539200
2015-05-28,58.31999969482422,58.709999084472656,58.02000045776367,58.43000030517578,55.93425369262695,482700
2015-05-29,58.439998626708984,58.720001220703125,57.84000015258789,58.52000045776367,56.02041244506836,333600
2015-06-01,58.72999954223633,58.7599983215332,57.939998626708984,58.060001373291016,55.58006286621094,471300
2015-06-02,57.720001220703125,58.0,57.16999816894531,57.349998474121094,54.9003791809082,465600
2015-06-03,57.43000030517578,58.130001068115234,57.099998474121094,57.41999816894531,54.96739196777344,618700
2015-06-04,57.439998626708984,57.59000015258789,56.97999954223633,57.470001220703125,55.0152587890625,447600
2015-06-05,57.06999969482422,57.599998474121094,56.970001220703125,57.099998474121094,54.66106414794922,384800
2015-06-08,57.630001068115234,58.0,57.25,57.38999938964844,54.93868637084961,465700
2015-06-09,57.22999954223633,57.84000015258789,57.029998779296875,57.59000015258789,55.13013458251953,305800
2015-06-10,57.790000915527344,58.279998779296875,57.369998931884766,58.040000915527344,55.56090545654297,570000
2015-06-11,58.25,58.59000015258789,58.029998779296875,58.56999969482422,56.06827163696289,487500
2015-06-12,58.560001373291016,58.560001373291016,57.88999938964844,58.310001373291016,55.81937789916992,412300
2015-06-15,57.9900016784668,59.470001220703125,57.45000076293945,59.470001220703125,56.92983627319336,820900
2015-06-16,59.599998474121094,59.599998474121094,58.93000030517578,59.20000076293945,56.67136764526367,542400
2015-06-17,59.439998626708984,59.63999938964844,58.970001220703125,59.2599983215332,56.72880554199219,611300
2015-06-18,59.150001525878906,59.5,58.599998474121094,58.650001525878906,56.144859313964844,418000
2015-06-19,58.77000045776367,58.849998474121094,58.2599983215332,58.43000030517578,55.93425369262695,828700
2015-06-22,58.65999984741211,58.65999984741211,57.86000061035156,58.400001525878906,55.90554428100586,446000
2015-06-23,58.470001220703125,58.810001373291016,57.790000915527344,57.900001525878906,55.42689895629883,444300
2015-06-24,57.939998626708984,58.0099983215332,57.040000915527344,57.119998931884766,54.68021011352539,409300
2015-06-25,57.060001373291016,57.560001373291016,57.060001373291016,57.560001373291016,55.10142517089844,388100
2015-06-26,57.47999954223633,57.66999816894531,57.040000915527344,57.29999923706055,54.85252380371094,638600
2015-06-29,56.81999969482422,57.2400016784668,56.41999816894531,57.060001373291016,54.62277603149414,740900
2015-06-30,57.45000076293945,57.63999938964844,56.810001373291016,57.220001220703125,54.775943756103516,723800
2015-07-01,57.40999984741211,58.56999969482422,57.40999984741211,58.47999954223633,55.982120513916016,706100
2015-07-02,58.88999938964844,59.689998626708984,58.31999969482422,59.43000030517578,56.89154815673828,849800
2015-07-06,59.060001373291016,60.38999938964844,58.68000030517578,60.38999938964844,57.810543060302734,981900
2015-07-07,60.56999969482422,60.720001220703125,59.31999969482422,60.22999954223633,57.657371520996094,587900
2015-07-08,60.02000045776367,60.47999954223633,59.93000030517578,60.33000183105469,57.75310134887695,759500
2015-07-09,60.72999954223633,61.47999954223633,60.59000015258789,60.88999938964844,58.28917694091797,478000
2015-07-10,61.58000183105469,61.900001525878906,61.150001525878906,61.849998474121094,59.20817947387695,446000
2015-07-13,62.0,62.369998931884766,60.040000915527344,60.38999938964844,57.810543060302734,990800
2015-07-14,60.5,61.08000183105469,60.06999969482422,60.7599983215332,58.16472625732422,503300
2015-07-15,61.20000076293945,61.52000045776367,60.5,61.41999816894531,58.796539306640625,441900
2015-07-16,61.459999084472656,61.689998626708984,60.65999984741211,61.56999969482422,58.94013595581055,514600
2015-07-17,61.529998779296875,61.91999816894531,61.16999816894531,61.91999816894531,59.27519226074219,488800
2015-07-20,61.88999938964844,61.959999084472656,61.40999984741211,61.59000015258789,58.95928192138672,331700
2015-07-21,61.68000030517578,61.900001525878906,61.08000183105469,61.150001525878906,58.53807830810547,295800
2015-07-22,61.220001220703125,62.06999969482422,61.029998779296875,62.04999923706055,59.39963150024414,424300
2015-07-23,62.279998779296875,62.29999923706055,61.380001068115234,61.41999816894531,58.796539306640625,558000
2015-07-24,61.150001525878906,61.939998626708984,61.09000015258789,61.93000030517578,59.28476333618164,461500
2015-07-27,61.7599983215332,61.84000015258789,60.59000015258789,60.790000915527344,58.19345474243164,408000
2015-07-28,61.09000015258789,61.09000015258789,60.2599983215332,60.349998474121094,57.77225112915039,402100
2015-07-29,60.220001220703125,60.970001220703125,60.16999816894531,60.880001068115234,58.279605865478516,325900
2015-07-30,60.97999954223633,61.959999084472656,60.59000015258789,61.66999816894531,59.03586196899414,634900
2015-07-31,61.79999923706055,62.75,61.130001068115234,61.97999954223633,59.33262252807617,525500
2015-08-03,61.91999816894531,62.56999969482422,61.68000030517578,62.349998474121094,59.68682098388672,607100
2015-08-04,62.470001220703125,62.7400016784668,62.060001373291016,62.540000915527344,59.868709564208984,559500
2015-08-05,62.29999923706055,63.41999816894531,62.279998779296875,63.02000045776367,60.32820129394531,685300
2015-08-06,63.25,63.630001068115234,62.70000076293945,62.900001525878906,60.21332931518555,448000
2015-08-07,62.9900016784668,63.4900016784668,62.84000015258789,63.38999938964844,60.68239212036133,602800
2015-08-10,63.779998779296875,64.5999984741211,63.61000061035156,63.900001525878906,61.17061233520508,499500
2015-08-11,63.91999816894531,63.970001220703125,62.93000030517578,63.349998474121094,60.644107818603516,292300
2015-08-12,63.38999938964844,63.38999938964844,62.189998626708984,63.29999923706055,60.596248626708984,653300
2015-08-13,63.369998931884766,63.880001068115234,63.15999984741211,63.45000076293945,60.739837646484375,318000
2015-08-14,63.470001220703125,64.44999694824219,63.27000045776367,64.41000366210938,61.658836364746094,356200
2015-08-17,63.97999954223633,64.52999877929688,63.61000061035156,64.37000274658203,61.62054443359375,588200
2015-08-18,64.0999984741211,64.5,63.91999816894531,64.19999694824219,61.45779800415039,404600
2015-08-19,64.08999633789062,64.18000030517578,63.400001525878906,63.7599983215332,61.03658676147461,444900
2015-08-20,63.45000076293945,63.720001220703125,62.880001068115234,63.029998779296875,60.337772369384766,389400
2015-08-21,62.9900016784668,63.220001220703125,61.29999923706055,61.41999816894531,58.796539306640625,744000
2015-08-24,59.130001068115234,61.93000030517578,58.25,60.369998931884766,57.79138946533203,1118500
2015-08-25,61.25,61.779998779296875,60.400001525878906,60.52000045776367,57.93498611450195,770800
2015-08-26,61.63999938964844,62.970001220703125,60.65999984741211,62.709999084472656,60.03144454956055,858100
2015-08-27,63.0099983215332,63.59000015258789,62.58000183105469,63.380001068115234,60.672828674316406,701500
2015-08-28,63.5,63.95000076293945,63.349998474121094,63.81999969482422,61.094024658203125,443200
2015-08-31,63.689998626708984,64.04000091552734,63.099998474121094,63.2599983215332,60.557952880859375,464700
2015-09-01,62.650001525878906,63.16999816894531,62.2599983215332,62.58000183105469,59.90699768066406,528100
2015-09-02,63.349998474121094,63.790000915527344,62.880001068115234,63.77000045776367,61.27135467529297,624100
2015-09-03,63.7599983215332,64.4000015258789,63.529998779296875,63.7599983215332,61.261741638183594,517700
2015-09-04,63.2599983215332,63.90999984741211,63.25,63.5099983215332,61.021541595458984,390400
2015-09-08,64.25,64.58000183105469,63.540000915527344,64.44999694824219,61.92470169067383,598800
2015-09-09,64.7699966430664,65.41000366210938,64.30000305175781,64.36000061035156,61.83824157714844,975500
2015-09-10,64.58000183105469,65.6500015258789,64.41000366210938,65.4000015258789,62.837493896484375,532500
2015-09-11,65.19000244140625,66.06999969482422,65.05999755859375,65.98999786376953,63.40437698364258,342400
2015-09-14,66.01000213623047,66.25,65.66000366210938,65.93000030517578,63.34672546386719,262700
2015-09-15,66.27999877929688,66.27999877929688,65.70999908447266,65.94000244140625,63.35634231567383,318900
2015-09-16,66.01000213623047,66.44000244140625,65.45999908447266,66.33999633789062,63.74065017700195,501500
2015-09-17,66.4000015258789,67.0,64.80000305175781,65.12999725341797,62.578067779541016,956700
2015-09-18,64.37999725341797,65.54000091552734,64.04000091552734,64.63999938964844,62.10726547241211,936300
2015-09-21,64.9000015258789,65.81999969482422,64.63999938964844,65.38999938964844,62.827877044677734,378900
2015-09-22,64.5999984741211,65.33000183105469,64.23999786376953,65.13999938964844,62.587677001953125,463700
2015-09-23,65.08000183105469,66.0999984741211,64.80000305175781,66.02999877929688,63.442806243896484,295200
2015-09-24,65.77999877929688,66.3499984741211,65.44000244140625,66.16000366210938,63.567718505859375,464600
2015-09-25,66.62000274658203,67.02999877929688,65.94000244140625,66.4000015258789,63.798309326171875,546600
2015-09-28,66.0199966430664,66.55999755859375,65.62999725341797,65.6500015258789,63.07769012451172,492100
2015-09-29,65.7699966430664,66.1500015258789,65.16000366210938,65.77999877929688,63.20259475708008,604600
2015-09-30,66.30000305175781,67.22000122070312,65.94999694824219,67.08000183105469,64.45165252685547,717900
2015-10-01,67.33000183105469,68.1500015258789,66.87000274658203,67.25,64.6150131225586,974900
2015-10-02,66.97000122070312,67.51000213623047,65.77999877929688,67.31999969482422,64.68225860595703,912600
2015-10-05,67.83000183105469,68.27999877929688,66.02999877929688,66.2699966430664,63.673397064208984,1356400
2015-10-06,66.23999786376953,66.63999938964844,64.91000366210938,65.61000061035156,63.039276123046875,1122800
2015-10-07,66.12999725341797,66.12999725341797,64.12999725341797,65.08999633789062,62.539634704589844,1298200
2015-10-08,65.16999816894531,65.9000015258789,64.69999694824219,65.83999633789062,63.26023483276367,738900
2015-10-09,65.66999816894531,66.19999694824219,65.08000183105469,65.43000030517578,62.86631393432617,581400
2015-10-12,65.62000274658203,66.31999969482422,65.2699966430664,65.93000030517578,63.34672546386719,666300
2015-10-13,65.47000122070312,66.02999877929688,64.98999786376953,65.19000244140625,62.635738372802734,700100
2015-10-14,65.51000213623047,66.5999984741211,65.12999725341797,65.7699966430664,63.19298553466797,458700
2015-10-15,65.80999755859375,66.47000122070312,65.80999755859375,66.36000061035156,63.75988006591797,519500
2015-10-16,66.18000030517578,66.37999725341797,64.83000183105469,65.22000122070312,62.664546966552734,522300
2015-10-19,65.19999694824219,65.7699966430664,65.0199966430664,65.69000244140625,63.11612319946289,537800
2015-10-20,65.68000030517578,66.12000274658203,65.27999877929688,65.80000305175781,63.22182083129883,508700
2015-10-21,66.08999633789062,66.55000305175781,65.04000091552734,65.13999938964844,62.587677001953125,496100
2015-10-22,65.18000030517578,66.27999877929688,65.16999816894531,66.16000366210938,63.567718505859375,374400
2015-10-23,66.52999877929688,66.97000122070312,66.12000274658203,66.97000122070312,64.3459701538086,445100
2015-10-26,66.83000183105469,67.51000213623047,66.68000030517578,67.37000274658203,64.73029327392578,589000
2015-10-27,66.86000061035156,67.95999908447266,66.70999908447266,67.94999694824219,65.2875747680664,550200
2015-10-28,67.95999908447266,68.81999969482422,67.3499984741211,68.80000305175781,66.1042709350586,618800
2015-10-29,68.91999816894531,69.43000030517578,68.16000366210938,69.16000366210938,66.45016479492188,809600
2015-10-30,67.95999908447266,68.93000030517578,66.62000274658203,67.04000091552734,64.4132308959961,920000
2015-11-02,67.43000030517578,68.61000061035156,67.43000030517578,68.31999969482422,65.64307403564453,589400
2015-11-03,68.45999908447266,69.08999633789062,68.22000122070312,68.80999755859375,66.11388397216797,622100
2015-11-04,68.5999984741211,69.01000213623047,67.61000061035156,67.9000015258789,65.23953247070312,412600
2015-11-05,67.63999938964844,68.58000183105469,67.56999969482422,68.37999725341797,65.70072174072266,322500
2015-11-06,68.87999725341797,69.6500015258789,67.81999969482422,68.80999755859375,66.11388397216797,585500
2015-11-09,68.55999755859375,69.43000030517578,67.51000213623047,69.19999694824219,66.48860168457031,441900
2015-11-10,69.20999908447266,70.13999938964844,69.01000213623047,70.05999755859375,67.31490325927734,707600
2015-11-11,70.02999877929688,71.33999633789062,70.0199966430664,70.62999725341797,67.8625717163086,816400
2015-11-12,70.3499984741211,70.45999908447266,69.41999816894531,69.5199966430664,66.79605102539062,834900
2015-11-13,69.05000305175781,69.66999816894531,68.5199966430664,69.55999755859375,66.8344955444336,921400
2015-11-16,69.62999725341797,70.04000091552734,68.79000091552734,70.0,67.25724792480469,683700
2015-11-17,70.13999938964844,70.83999633789062,69.81999969482422,70.5999984741211,67.83373260498047,442500
2015-11-18,70.7300033569336,71.4800033569336,70.2699966430664,71.4000015258789,68.60240173339844,485300
2015-11-19,71.4000015258789,72.0,71.26000213623047,71.7300033569336,68.91947937011719,623200
2015-11-20,71.91999816894531,72.0,71.55000305175781,71.9800033569336,69.15967559814453,391600
2015-11-23,72.19999694824219,72.31999969482422,71.47000122070312,71.55000305175781,68.74650573730469,362700
2015-11-24,71.30999755859375,71.38999938964844,70.44999694824219,71.33000183105469,68.5351333618164,525300
2015-11-25,71.58999633789062,72.0,71.31999969482422,71.83000183105469,69.01554870605469,271900
2015-11-27,71.9000015258789,72.41999816894531,71.41999816894531,72.4000015258789,69.56322479248047,189200
2015-11-30,72.4000015258789,72.52999877929688,71.5,72.20999908447266,69.38066101074219,638400
2015-12-01,71.25,71.25,69.19000244140625,70.44000244140625,67.68002319335938,1343400
2015-12-02,70.04000091552734,70.63999938964844,69.48999786376953,69.8499984741211,67.3329849243164,1002300
2015-12-03,70.01000213623047,70.05000305175781,67.72000122070312,68.12000274658203,65.66532897949219,753400
2015-12-04,68.11000061035156,69.9000015258789,68.11000061035156,69.47000122070312,66.96668243408203,495700
2015-12-07,70.08000183105469,70.2300033569336,68.94000244140625,69.26000213623047,66.76425170898438,457700
2015-12-08,67.61000061035156,67.91999816894531,65.83999633789062,66.23999786376953,63.853065490722656,1196200
2015-12-09,66.86000061035156,66.86000061035156,64.20999908447266,64.26000213623047,61.94441223144531,1236300
2015-12-10,64.4800033569336,64.86000061035156,63.650001525878906,64.51000213623047,62.18540573120117,520600
2015-12-11,63.970001220703125,65.3499984741211,63.65999984741211,65.33999633789062,62.98550033569336,1235600
2015-12-14,65.91000366210938,66.98999786376953,65.91000366210938,66.83999633789062,64.43144226074219,977100
2015-12-15,67.37000274658203,67.8499984741211,67.0199966430664,67.38999938964844,64.96162414550781,1014600
2015-12-16,67.66000366210938,67.79000091552734,65.41999816894531,66.01000213623047,63.6313591003418,841200
2015-12-17,66.05000305175781,66.29000091552734,64.7300033569336,65.04000091552734,62.696311950683594,562900
2015-12-18,65.02999877929688,65.51000213623047,64.41000366210938,64.5199966430664,62.19504165649414,1015900
2015-12-21,64.70999908447266,65.79000091552734,64.52999877929688,65.20999908447266,62.86017990112305,331100
2015-12-22,65.20999908447266,65.80000305175781,64.77999877929688,65.62999725341797,63.26505661010742,330300
2015-12-23,65.77999877929688,65.91999816894531,64.55999755859375,64.69999694824219,62.368560791015625,389100
2015-12-24,64.80999755859375,65.83000183105469,64.73999786376953,65.44000244140625,63.0819091796875,191200
2015-12-28,65.29000091552734,65.80000305175781,65.0,65.44000244140625,63.0819091796875,503700
2015-12-29,65.91000366210938,66.31999969482422,65.61000061035156,65.95999908447266,63.58314895629883,327200
2015-12-30,65.95999908447266,66.5999984741211,65.66000366210938,65.68000030517578,63.31325149536133,310800
2015-12-31,65.44999694824219,65.98999786376953,64.83999633789062,64.9000015258789,62.56135559082031,384600
2016-01-04,64.55000305175781,64.68000030517578,63.36000061035156,63.9900016784668,61.684146881103516,848100
2016-01-05,63.369998931884766,63.83000183105469,62.630001068115234,63.099998474121094,60.82621765136719,1049200
2016-01-06,62.459999084472656,63.41999816894531,62.2599983215332,62.459999084472656,60.20927810668945,1434600
2016-01-07,61.790000915527344,63.29999923706055,61.0,62.86000061035156,60.594871520996094,881600
2016-01-08,63.08000183105469,63.349998474121094,62.33000183105469,62.54999923706055,60.2960319519043,834500
2016-01-11,62.65999984741211,63.5099983215332,62.58000183105469,63.25,60.97080993652344,729400
2016-01-12,63.459999084472656,63.84000015258789,63.0099983215332,63.65999984741211,61.36603927612305,410500
2016-01-13,63.709999084472656,63.79999923706055,62.459999084472656,62.709999084472656,60.45026397705078,854200
2016-01-14,62.75,63.56999969482422,61.5,63.25,60.97080993652344,576400
2016-01-15,62.09000015258789,63.93000030517578,62.060001373291016,63.81999969482422,61.5202751159668,925800
2016-01-19,64.66000366210938,65.69999694824219,63.779998779296875,63.81999969482422,61.5202751159668,1244900
2016-01-20,63.72999954223633,64.25,62.36000061035156,63.47999954223633,61.19252395629883,1101800
2016-01-21,64.56999969482422,64.56999969482422,62.08000183105469,62.29999923706055,60.05503845214844,1035100
2016-01-22,62.81999969482422,64.83000183105469,62.47999954223633,64.70999908447266,62.37820053100586,583400
2016-01-25,64.83000183105469,65.0,63.209999084472656,63.349998474121094,61.06720733642578,519700
2016-01-26,63.810001373291016,64.16999816894531,63.5,63.88999938964844,61.58775329589844,627900
2016-01-27,63.689998626708984,64.88999938964844,63.66999816894531,64.27999877929688,61.96369552612305,591600
2016-01-28,64.62999725341797,65.31999969482422,63.9900016784668,64.51000213623047,62.18540573120117,598400
2016-01-29,64.66999816894531,66.86000061035156,64.66999816894531,66.62000274658203,64.21936798095703,732300
2016-02-01,66.29000091552734,66.62000274658203,65.70999908447266,66.13999938964844,63.756675720214844,575900
2016-02-02,65.79000091552734,66.37000274658203,65.52999877929688,65.66999816894531,63.30360412597656,613100
2016-02-03,63.70000076293945,65.18000030517578,62.58000183105469,64.29000091552734,61.97333526611328,1029500
2016-02-04,64.01000213623047,64.33999633789062,60.869998931884766,61.650001525878906,59.42847442626953,1121000
2016-02-05,61.5,61.619998931884766,60.099998474121094,60.650001525878906,58.46450424194336,1047600
2016-02-08,58.56999969482422,60.45000076293945,58.43000030517578,59.869998931884766,57.71261215209961,1041100
2016-02-09,60.040000915527344,62.16999816894531,59.95000076293945,61.790000915527344,59.56342315673828,570000
2016-02-10,62.43000030517578,62.7400016784668,61.529998779296875,61.880001068115234,59.650177001953125,697200
2016-02-11,60.97999954223633,63.15999984741211,60.66999816894531,62.27000045776367,60.026126861572266,730400
2016-02-12,63.13999938964844,63.61000061035156,62.2400016784668,62.369998931884766,60.12252426147461,500600
2016-02-16,62.7599983215332,63.02000045776367,61.88999938964844,62.119998931884766,59.881534576416016,427700
2016-02-17,62.34000015258789,62.560001373291016,61.56999969482422,61.79999923706055,59.573062896728516,767500
2016-02-18,62.540000915527344,63.209999084472656,61.540000915527344,61.790000915527344,59.56342315673828,553200
2016-02-19,61.68000030517578,63.189998626708984,61.27000045776367,62.7400016784668,60.47919845581055,466700
2016-02-22,63.25,63.470001220703125,62.040000915527344,62.279998779296875,60.0357666015625,295400
2016-02-23,62.650001525878906,65.29000091552734,62.380001068115234,63.06999969482422,60.79730224609375,864000
2016-02-24,63.060001373291016,64.0999984741211,62.79999923706055,63.91999816894531,61.61667251586914,482100
2016-02-25,63.91999816894531,64.30000305175781,62.880001068115234,63.15999984741211,60.88404846191406,579300
2016-02-26,63.27000045776367,63.47999954223633,62.400001525878906,62.959999084472656,60.69126510620117,546800
2016-02-29,62.900001525878906,63.79999923706055,62.02000045776367,62.5,60.24783706665039,394600
2016-03-01,62.709999084472656,63.369998931884766,62.029998779296875,63.310001373291016,61.02865982055664,533700
2016-03-02,63.0,63.220001220703125,62.220001220703125,62.97999954223633,60.93190002441406,422300
2016-03-03,62.939998626708984,63.83000183105469,62.349998474121094,63.779998779296875,61.70588302612305,510100
2016-03-04,63.72999954223633,64.12000274658203,62.689998626708984,64.01000213623047,61.92840576171875,515500
2016-03-07,63.5,64.16000366210938,62.810001373291016,63.18000030517578,61.12540054321289,476700
2016-03-08,63.189998626708984,65.66000366210938,62.91999816894531,65.55999755859375,63.42801284790039,872500
2016-03-09,65.38999938964844,65.61000061035156,64.69999694824219,65.16999816894531,63.05069351196289,474300
2016-03-10,65.58000183105469,65.58000183105469,64.51000213623047,65.12999725341797,63.01197814941406,433600
2016-03-11,65.44999694824219,65.7300033569336,64.5999984741211,65.11000061035156,62.99264907836914,455300
2016-03-14,65.25,66.01000213623047,64.69999694824219,65.86000061035156,63.7182502746582,319000
2016-03-15,65.61000061035156,67.41000366210938,65.23999786376953,66.58999633789062,64.42450714111328,608700
2016-03-16,66.51000213623047,66.68000030517578,65.94000244140625,66.0999984741211,63.950435638427734,342000
2016-03-17,66.08000183105469,66.29000091552734,65.5,65.87999725341797,63.73759460449219,425600
2016-03-18,65.44999694824219,66.02999877929688,64.41000366210938,64.8499984741211,62.74108123779297,867100
2016-03-21,64.91000366210938,65.38999938964844,64.55000305175781,64.72000122070312,62.61531448364258,267000
2016-03-22,64.08000183105469,64.86000061035156,64.08000183105469,64.70999908447266,62.60564422607422,314300
2016-03-23,64.79000091552734,66.54000091552734,64.62999725341797,65.44999694824219,63.321571350097656,424900
2016-03-24,65.58999633789062,65.86000061035156,64.70999908447266,64.72000122070312,62.61531448364258,449600
2016-03-28,64.9800033569336,65.16999816894531,64.63999938964844,65.05000305175781,62.93458938598633,234100
2016-03-29,65.04000091552734,65.6500015258789,64.63999938964844,65.36000061035156,63.234500885009766,425000
2016-03-30,65.55000305175781,65.87999725341797,64.94999694824219,65.18000030517578,63.060367584228516,389800
2016-03-31,64.95999908447266,65.58000183105469,64.6500015258789,65.33000183105469,63.20549392700195,334900
2016-04-01,65.0999984741211,66.94999694824219,65.08000183105469,66.88999938964844,64.7147445678711,435300
2016-04-04,66.63999938964844,66.63999938964844,64.70999908447266,66.20999908447266,64.05685424804688,374600
2016-04-05,65.88999938964844,66.26000213623047,65.3499984741211,65.45999908447266,63.33125686645508,341800
2016-04-06,65.30000305175781,65.81999969482422,64.55000305175781,65.43000030517578,63.30223083496094,298500
2016-04-07,65.63999938964844,65.73999786376953,64.45999908447266,64.98999786376953,62.87654113769531,367300
2016-04-08,64.7300033569336,65.12999725341797,63.4900016784668,64.12999725341797,62.04450225830078,583000
2016-04-11,63.33000183105469,64.33999633789062,63.119998931884766,64.13999938964844,62.0541877746582,490700
2016-04-12,63.93000030517578,64.47000122070312,63.58000183105469,64.08000183105469,61.99612808227539,555500
2016-04-13,64.5,64.70999908447266,63.529998779296875,64.61000061035156,62.5088996887207,756200
2016-04-14,64.58999633789062,65.05000305175781,64.19999694824219,64.33999633789062,62.24767303466797,434100
2016-04-15,64.0999984741211,64.87000274658203,64.08000183105469,64.47000122070312,62.373451232910156,449900
2016-04-18,63.869998931884766,64.91999816894531,63.869998931884766,64.77999877929688,62.673362731933594,284200
2016-04-19,65.19999694824219,65.52999877929688,64.73999786376953,65.47000122070312,63.34093475341797,491900
2016-04-20,65.72000122070312,65.83999633789062,65.2699966430664,65.79000091552734,63.65053176879883,278600
2016-04-21,65.54000091552734,65.97000122070312,65.05999755859375,65.13999938964844,63.02165985107422,215800
2016-04-22,64.95999908447266,65.86000061035156,64.95999908447266,65.52999877929688,63.39897918701172,273400
2016-04-25,65.25,65.54000091552734,64.97000122070312,65.08000183105469,62.96361541748047,247500
2016-04-26,65.37999725341797,65.69000244140625,64.9000015258789,65.4800033569336,63.35060501098633,288400
2016-04-27,65.3499984741211,65.55999755859375,64.6500015258789,65.0,62.8862190246582,443000
2016-04-28,64.62000274658203,64.76000213623047,63.95000076293945,64.05000305175781,61.96710968017578,449400
2016-04-29,64.36000061035156,64.36000061035156,61.220001220703125,61.959999084472656,59.945072174072266,1146900
2016-05-02,61.58000183105469,63.529998779296875,61.43000030517578,63.06999969482422,61.018978118896484,598700
2016-05-03,63.0,63.119998931884766,62.16999816894531,62.470001220703125,60.43848419189453,390500
2016-05-04,62.58000183105469,63.27000045776367,62.2599983215332,62.65999984741211,60.6223030090332,336700
2016-05-05,62.630001068115234,63.18000030517578,62.630001068115234,62.66999816894531,60.631980895996094,439700
2016-05-06,62.47999954223633,63.099998474121094,62.2599983215332,63.099998474121094,61.04800033569336,260300
2016-05-09,63.029998779296875,63.68000030517578,63.029998779296875,63.189998626708984,61.135074615478516,437400
2016-05-10,63.52000045776367,63.97999954223633,63.119998931884766,63.880001068115234,61.802635192871094,347300
2016-05-11,63.630001068115234,64.06999969482422,63.18000030517578,63.290000915527344,61.23182678222656,384200
2016-05-12,63.47999954223633,64.48999786376953,63.349998474121094,64.33000183105469,62.23799514770508,488200
2016-05-13,64.12000274658203,64.58000183105469,63.45000076293945,63.59000015258789,61.52206039428711,313700
2016-05-16,63.619998931884766,64.05999755859375,62.720001220703125,63.619998931884766,61.55108642578125,335900
2016-05-17,63.720001220703125,64.0199966430664,62.650001525878906,62.75,60.709381103515625,282400
2016-05-18,62.369998931884766,63.060001373291016,62.060001373291016,62.790000915527344,60.74808883666992,515400
2016-05-19,62.52000045776367,63.54999923706055,62.34000015258789,63.290000915527344,61.23182678222656,388100
2016-05-20,62.9900016784668,64.0199966430664,62.84000015258789,63.72999954223633,61.65751647949219,398300
2016-05-23,63.599998474121094,63.959999084472656,63.27000045776367,63.439998626708984,61.37693786621094,216000
2016-05-24,63.86000061035156,64.58000183105469,63.75,64.25,62.16060256958008,436700
2016-05-25,64.6500015258789,64.9000015258789,64.01000213623047,64.18000030517578,62.0928840637207,345400
2016-05-26,64.22000122070312,64.3499984741211,63.52000045776367,63.650001525878906,61.58011245727539,297600
2016-05-27,63.91999816894531,64.31999969482422,63.560001373291016,63.90999984741211,61.831661224365234,466100
2016-05-31,64.16000366210938,64.19000244140625,62.97999954223633,63.650001525878906,61.58011245727539,506000
2016-06-01,63.08000183105469,63.56999969482422,63.029998779296875,63.22999954223633,61.3956184387207,263800
2016-06-02,62.720001220703125,63.20000076293945,62.66999816894531,62.869998931884766,61.04607009887695,576200
2016-06-03,62.41999816894531,63.150001525878906,62.33000183105469,62.9900016784668,61.16259002685547,416700
2016-06-06,62.54999923706055,63.060001373291016,62.189998626708984,62.83000183105469,61.00722885131836,533800
2016-06-07,62.70000076293945,62.97999954223633,62.31999969482422,62.43000030517578,60.61883544921875,305200
2016-06-08,62.5099983215332,63.09000015258789,62.369998931884766,63.0,61.17230224609375,345900
2016-06-09,62.72999954223633,63.29999923706055,62.400001525878906,63.25,61.41504669189453,392200
2016-06-10,62.66999816894531,64.58000183105469,62.66999816894531,64.41000366210938,62.54139709472656,745800
2016-06-13,64.37999725341797,64.8499984741211,64.16000366210938,64.5999984741211,62.72588348388672,688800
2016-06-14,64.33000183105469,65.30000305175781,64.2300033569336,65.16000366210938,63.26963806152344,799200
2016-06-15,65.36000061035156,65.36000061035156,64.29000091552734,64.43000030517578,62.560813903808594,346600
2016-06-16,64.41999816894531,64.83000183105469,64.12999725341797,64.80000305175781,62.92008590698242,286900
2016-06-17,64.4800033569336,64.9000015258789,63.529998779296875,63.56999969482422,61.72576141357422,723700
2016-06-20,63.70000076293945,64.0999984741211,63.15999984741211,63.189998626708984,61.356788635253906,427600
2016-06-21,63.27000045776367,63.599998474121094,62.939998626708984,63.220001220703125,61.385921478271484,364900
2016-06-22,63.2599983215332,63.7599983215332,62.90999984741211,63.75,61.900543212890625,326100
2016-06-23,63.810001373291016,64.69999694824219,63.220001220703125,64.66000366210938,62.784149169921875,613800
2016-06-24,63.95000076293945,66.1500015258789,63.650001525878906,64.79000091552734,62.910369873046875,1038200
2016-06-27,64.23999786376953,64.23999786376953,63.31999969482422,63.560001373291016,61.71604919433594,605300
2016-06-28,63.790000915527344,64.08999633789062,63.279998779296875,63.90999984741211,62.0558967590332,672000
2016-06-29,64.37000274658203,65.7699966430664,64.29000091552734,65.75,63.84251403808594,526700
2016-06-30,65.86000061035156,66.62000274658203,65.45999908447266,66.62000274658203,64.68727111816406,535500
2016-07-01,66.7699966430664,66.88999938964844,65.62999725341797,65.87000274658203,63.95903778076172,405000
2016-07-05,66.0,67.52999877929688,65.70999908447266,67.41000366210938,65.45436096191406,667100
2016-07-06,67.41000366210938,67.73999786376953,66.83999633789062,66.9000015258789,64.95915985107422,540100
2016-07-07,66.76000213623047,67.36000061035156,66.48999786376953,66.87999725341797,64.93973541259766,341100
2016-07-08,67.47000122070312,67.83000183105469,66.38999938964844,67.63999938964844,65.67768096923828,371600
2016-07-11,68.08000183105469,68.12999725341797,67.44000244140625,68.0199966430664,66.04666137695312,303000
2016-07-12,68.05000305175781,68.5199966430664,68.05000305175781,68.33000183105469,66.34766387939453,379700
2016-07-13,68.3499984741211,68.61000061035156,67.54000091552734,67.75,65.78450775146484,346700
2016-07-14,68.75,68.7699966430664,67.63999938964844,68.36000061035156,66.37679290771484,357000
2016-07-15,68.36000061035156,68.58999633789062,68.23999786376953,68.55999755859375,66.57099151611328,269200
2016-07-18,68.70999908447266,68.75,67.94000244140625,68.19000244140625,66.21173858642578,250600
2016-07-19,68.3499984741211,68.62999725341797,67.83999633789062,68.62999725341797,66.63897705078125,199600
2016-07-20,68.62000274658203,68.75,67.79000091552734,67.9800033569336,66.0078125,359500
2016-07-21,67.81999969482422,67.98999786376953,67.44999694824219,67.5199966430664,65.56114959716797,300000
2016-07-22,67.75,67.95999908447266,67.55999755859375,67.86000061035156,65.89130401611328,250900
2016-07-25,67.98999786376953,68.5,67.93000030517578,68.41999816894531,66.43505859375,302600
2016-07-26,68.5,68.58999633789062,67.8499984741211,68.19999694824219,66.221435546875,310000
2016-07-27,68.06999969482422,68.93000030517578,68.0,68.83999633789062,66.84285736083984,231500
2016-07-28,68.83999633789062,69.12999725341797,68.25,68.33999633789062,66.35737609863281,446900
2016-07-29,69.0,69.4800033569336,68.02999877929688,68.80000305175781,66.80403900146484,559300
2016-08-01,68.80000305175781,69.0199966430664,68.29000091552734,68.41999816894531,66.43505859375,351100
2016-08-02,68.4000015258789,68.7699966430664,68.08000183105469,68.5199966430664,66.53215789794922,523400
2016-08-03,68.7699966430664,69.18000030517578,68.37999725341797,68.79000091552734,66.7943344116211,285800
2016-08-04,68.93000030517578,68.93000030517578,68.56999969482422,68.72000122070312,66.72636413574219,315600
2016-08-05,68.98999786376953,69.04000091552734,68.55000305175781,68.7300033569336,66.73606872558594,239500
2016-08-08,68.83999633789062,68.86000061035156,68.3499984741211,68.58999633789062,66.60012817382812,193100
2016-08-09,68.45999908447266,68.69999694824219,68.22000122070312,68.30000305175781,66.31854248046875,326300
2016-08-10,68.48999786376953,68.55999755859375,68.0,68.29000091552734,66.30883026123047,237500
2016-08-11,67.5,67.77999877929688,66.83000183105469,67.12999725341797,65.1824951171875,583200
2016-08-12,66.61000061035156,67.2699966430664,66.43000030517578,67.0999984741211,65.1533432006836,498900
2016-08-15,67.16000366210938,68.1500015258789,66.80000305175781,68.13999938964844,66.16317749023438,573900
2016-08-16,68.0999984741211,68.16000366210938,67.16999816894531,67.22000122070312,65.2698745727539,329400
2016-08-17,67.25,68.30999755859375,67.12000274658203,68.23999786376953,66.26028442382812,432700
2016-08-18,68.29000091552734,68.87999725341797,68.08000183105469,68.62999725341797,66.63897705078125,268200
2016-08-19,68.4800033569336,68.66999816894531,68.02999877929688,68.19999694824219,66.221435546875,284300
2016-08-22,68.19999694824219,68.69999694824219,68.05000305175781,68.4000015258789,66.41563415527344,168000
2016-08-23,68.41000366210938,68.66000366210938,68.16000366210938,68.2300033569336,66.25057220458984,201700
2016-08-24,68.0,68.72000122070312,67.91000366210938,68.72000122070312,66.72636413574219,273500
2016-08-25,68.63999938964844,68.88999938964844,68.25,68.61000061035156,66.61954498291016,383500
2016-08-26,68.56999969482422,69.20999908447266,68.4800033569336,68.9000015258789,66.9011459350586,439700
2016-08-29,68.95999908447266,69.44000244140625,68.94000244140625,69.05000305175781,67.04679870605469,280000
2016-08-30,69.12000274658203,69.12000274658203,68.26000213623047,69.08000183105469,67.07592010498047,384100
2016-08-31,68.91999816894531,69.23999786376953,68.54000091552734,68.69000244140625,66.93949127197266,403600
2016-09-01,68.73999786376953,69.22000122070312,68.44000244140625,68.94999694824219,67.19286346435547,333100
2016-09-02,68.27999877929688,68.9000015258789,68.01000213623047,68.52999877929688,66.78355407714844,531900
2016-09-06,68.30000305175781,68.55000305175781,67.95999908447266,68.51000213623047,66.76407623291016,434600
2016-09-07,68.16999816894531,68.97000122070312,67.62999725341797,68.62999725341797,66.88101959228516,366300
2016-09-08,68.51000213623047,68.6500015258789,68.20999908447266,68.54000091552734,66.79329681396484,215100
2016-09-09,68.16000366210938,68.72000122070312,68.0,68.0,66.2670669555664,388800
2016-09-12,67.98999786376953,69.61000061035156,67.56999969482422,69.41999816894531,67.65087127685547,506100
2016-09-13,69.25,69.33999633789062,68.08000183105469,68.30999755859375,66.56916809082031,380000
2016-09-14,68.5999984741211,68.66999816894531,67.63999938964844,67.75,66.0234375,394400
2016-09-15,67.44000244140625,68.22000122070312,66.7699966430664,68.1500015258789,66.41323852539062,367900
2016-09-16,68.4000015258789,69.06999969482422,67.66999816894531,68.94000244140625,67.18311309814453,781900
2016-09-19,69.16000366210938,69.66000366210938,68.66999816894531,69.4000015258789,67.63138580322266,354900
2016-09-20,69.83999633789062,69.9800033569336,69.38999938964844,69.62000274658203,67.84578704833984,275300
2016-09-21,69.58999633789062,69.98999786376953,69.12000274658203,69.73999786376953,67.96272277832031,415200
2016-09-22,69.9800033569336,69.9800033569336,69.22000122070312,69.41000366210938,67.64112854003906,384900
2016-09-23,69.55999755859375,71.05000305175781,67.94000244140625,70.30000305175781,68.50845336914062,1874800
2016-09-26,69.16000366210938,70.52999877929688,66.2699966430664,66.58999633789062,64.89299011230469,3242400
2016-09-27,67.12999725341797,67.26000213623047,66.30000305175781,66.91000366210938,65.2048568725586,2629900
2016-09-28,67.19999694824219,67.33999633789062,65.7699966430664,66.30999755859375,64.6201171875,1562100
2016-09-29,66.29000091552734,66.68000030517578,64.94000244140625,65.2699966430664,63.60662841796875,1021000
2016-09-30,65.5,65.61000061035156,64.62000274658203,64.8499984741211,63.19733428955078,1171800
2016-10-03,64.91000366210938,65.93000030517578,64.63999938964844,65.76000213623047,64.08414459228516,1026500
2016-10-04,66.76000213623047,67.33000183105469,66.33000183105469,66.83999633789062,65.1366195678711,1389100
2016-10-05,66.98999786376953,67.55999755859375,66.52999877929688,67.41000366210938,65.69210815429688,1212900
2016-10-06,67.05000305175781,67.58000183105469,66.70999908447266,67.55999755859375,65.8382797241211,541900
2016-10-07,67.2300033569336,68.25,67.11000061035156,67.8499984741211,66.12088775634766,741100
2016-10-10,68.01000213623047,68.43000030517578,66.61000061035156,66.88999938964844,65.18535614013672,786800
2016-10-11,67.3499984741211,67.66000366210938,66.30000305175781,67.0999984741211,65.38998413085938,1315100
2016-10-12,66.8499984741211,67.5,66.16999816894531,66.80999755859375,65.10739135742188,692600
2016-10-13,66.22000122070312,66.66999816894531,65.69000244140625,65.88999938964844,64.2108383178711,1080000
2016-10-14,66.19000244140625,66.54000091552734,65.80999755859375,66.08999633789062,64.4057388305664,595300
2016-10-17,65.94000244140625,65.98999786376953,64.5199966430664,64.58000183105469,62.934226989746094,819200
2016-10-18,65.20999908447266,65.3499984741211,64.70999908447266,65.01000213623047,63.3532600402832,708500
2016-10-19,64.97000122070312,65.13999938964844,64.61000061035156,64.8499984741211,63.19733428955078,906000
2016-10-20,65.19999694824219,65.19999694824219,63.77000045776367,63.779998779296875,62.154605865478516,605800
2016-10-21,63.68000030517578,64.04000091552734,62.88999938964844,63.91999816894531,62.291046142578125,1346800
2016-10-24,64.1500015258789,64.44999694824219,63.970001220703125,64.33000183105469,62.690589904785156,507300
2016-10-25,64.5199966430664,64.54000091552734,63.75,63.91999816894531,62.291046142578125,693800
2016-10-26,63.77000045776367,64.0,63.310001373291016,63.5099983215332,61.89148712158203,971400
2016-10-27,62.66999816894531,62.790000915527344,61.58000183105469,62.15999984741211,60.57589340209961,1380900
2016-10-28,62.06999969482422,63.4900016784668,61.720001220703125,63.2400016784668,61.62837600708008,1123300
2016-10-31,62.97999954223633,63.439998626708984,62.400001525878906,63.209999084472656,61.5991325378418,894900
2016-11-01,63.0099983215332,63.400001525878906,62.58000183105469,63.11000061035156,61.50168228149414,815700
2016-11-02,62.79999923706055,63.459999084472656,62.79999923706055,62.900001525878906,61.29703140258789,445900
2016-11-03,62.7400016784668,63.439998626708984,62.72999954223633,62.9900016784668,61.38474655151367,657200
2016-11-04,63.220001220703125,64.08999633789062,62.68000030517578,63.400001525878906,61.78429412841797,549800
2016-11-07,63.91999816894531,64.05999755859375,62.75,63.70000076293945,62.07665252685547,824000
2016-11-08,63.400001525878906,63.880001068115234,62.970001220703125,63.59000015258789,61.969451904296875,852300
2016-11-09,63.86000061035156,66.22000122070312,63.630001068115234,66.19000244140625,64.5031967163086,1311500
2016-11-10,66.51000213623047,68.36000061035156,65.25,67.63999938964844,65.91624450683594,1618100
2016-11-11,67.4000015258789,68.16999816894531,66.98999786376953,67.94000244140625,66.2085952758789,2150800
2016-11-14,68.08999633789062,68.94999694824219,67.86000061035156,68.7699966430664,67.01742553710938,1878500
2016-11-15,68.43000030517578,68.5999984741211,67.97000122070312,68.52999877929688,66.78355407714844,840300
2016-11-16,68.19999694824219,68.66000366210938,67.91999816894531,68.5999984741211,66.85177612304688,592400
2016-11-17,68.45999908447266,69.01000213623047,68.37999725341797,68.87000274658203,67.11489868164062,529100
2016-11-18,68.75,68.81999969482422,67.88999938964844,68.68000030517578,66.92974090576172,1253100
2016-11-21,68.83000183105469,68.83000183105469,68.2300033569336,68.45999908447266,66.71533966064453,1691000
2016-11-22,68.70999908447266,68.70999908447266,68.12999725341797,68.26000213623047,66.52044677734375,595900
2016-11-23,68.08999633789062,68.47000122070312,67.8499984741211,67.94000244140625,66.2085952758789,626500
2016-11-25,68.2300033569336,68.63999938964844,67.8499984741211,68.43000030517578,66.68611145019531,250400
2016-11-28,68.4000015258789,68.72000122070312,67.9000015258789,68.62999725341797,66.88101959228516,811700
2016-11-29,68.58000183105469,69.08000183105469,68.13999938964844,68.80000305175781,67.04668426513672,983700
2016-11-30,68.83000183105469,69.44999694824219,68.22000122070312,68.9000015258789,67.38899993896484,1183200
2016-12-01,69.22000122070312,69.51000213623047,68.41000366210938,69.4800033569336,67.95628356933594,980900
2016-12-02,70.16000366210938,72.18000030517578,69.94999694824219,72.05999755859375,70.47969818115234,1396500
2016-12-05,71.91999816894531,72.94000244140625,71.80000305175781,72.63999938964844,71.04698181152344,1123700
2016-12-06,73.01000213623047,73.73999786376953,72.7699966430664,73.55000305175781,71.93702697753906,1178500
2016-12-07,73.70999908447266,75.13999938964844,73.52999877929688,74.83999633789062,73.19873809814453,1323000
2016-12-08,74.69999694824219,75.66000366210938,74.26000213623047,75.27999877929688,73.62910461425781,743300
2016-12-09,75.56999969482422,76.73999786376953,75.52999877929688,76.68000030517578,74.99838256835938,918900
2016-12-12,76.8499984741211,77.19000244140625,76.29000091552734,76.66000366210938,74.97882843017578,770600
2016-12-13,77.12999725341797,77.29000091552734,76.51000213623047,76.58999633789062,74.91036224365234,513400
2016-12-14,76.30999755859375,76.69999694824219,75.97000122070312,76.2699966430664,74.59737396240234,654900
2016-12-15,76.1500015258789,76.55000305175781,75.5,75.56999969482422,73.91272735595703,890800
2016-12-16,75.70999908447266,76.22000122070312,75.4000015258789,75.72000122070312,74.05944061279297,1841900
2016-12-19,75.95999908447266,76.76000213623047,75.23999786376953,75.41999816894531,73.76602172851562,521200
2016-12-20,74.9000015258789,75.12000274658203,74.16000366210938,74.9000015258789,73.25743103027344,717500
2016-12-21,74.88999938964844,75.12000274658203,74.0199966430664,74.12999725341797,72.5042953491211,512600
2016-12-22,74.22000122070312,74.55999755859375,73.2699966430664,73.69999694824219,72.083740234375,371800
2016-12-23,73.55999755859375,73.62999725341797,72.81999969482422,73.4000015258789,71.79032897949219,438800
2016-12-27,73.5199966430664,73.9000015258789,73.04000091552734,73.73999786376953,72.12284851074219,428100
2016-12-28,74.0199966430664,74.12999725341797,73.23999786376953,73.30999755859375,71.70228576660156,365300
2016-12-29,73.54000091552734,73.69999694824219,73.2699966430664,73.66999816894531,72.05438995361328,383400
2016-12-30,73.76000213623047,74.0999984741211,73.4800033569336,73.88999938964844,72.26956939697266,522700
2017-01-03,73.68000030517578,74.20999908447266,72.54000091552734,73.01000213623047,71.40887451171875,652300
2017-01-04,74.47000122070312,75.91000366210938,73.63999938964844,75.87999725341797,74.21592712402344,871300
2017-01-05,75.6500015258789,76.19000244140625,74.8499984741211,75.08999633789062,73.4432601928711,591500
2017-01-06,75.94000244140625,76.08999633789062,75.43000030517578,75.5,73.8442611694336,732400
2017-01-09,75.25,75.36000061035156,74.12000274658203,74.52999877929688,72.89553833007812,569600
2017-01-10,74.61000061035156,74.9800033569336,73.66000366210938,73.68000030517578,72.06417083740234,548300
2017-01-11,73.69000244140625,74.05999755859375,73.12000274658203,73.94000244140625,72.3184814453125,578200
2017-01-12,73.69000244140625,73.83999633789062,72.63999938964844,73.83000183105469,72.21088409423828,454000
2017-01-13,74.5199966430664,75.05999755859375,73.55999755859375,75.0199966430664,73.3747787475586,513200
2017-01-17,75.12999725341797,75.58000183105469,74.66999816894531,74.76000213623047,73.12049102783203,792700
2017-01-18,75.06999969482422,75.31999969482422,74.38999938964844,75.29000091552734,73.63887023925781,507900
2017-01-19,75.19000244140625,75.79000091552734,75.01000213623047,75.75,74.08878326416016,624100
2017-01-20,75.88999938964844,76.6500015258789,75.5999984741211,76.63999938964844,74.95926666259766,692900
2017-01-23,76.63999938964844,76.69999694824219,75.61000061035156,76.05000305175781,74.38220977783203,646000
2017-01-24,76.37000274658203,77.2699966430664,76.27999877929688,76.79000091552734,75.10596466064453,558500
2017-01-25,77.0,78.11000061035156,76.69000244140625,77.94999694824219,76.24053192138672,707400
2017-01-26,77.98999786376953,78.25,77.6500015258789,77.97000122070312,76.26010131835938,701900
2017-01-27,78.06999969482422,78.37999725341797,77.33999633789062,77.83000183105469,76.1231689453125,464600
2017-01-30,77.45999908447266,77.87000274658203,76.80000305175781,77.87000274658203,76.16229248046875,615500
2017-01-31,78.69999694824219,79.76000213623047,78.25,79.62000274658203,77.87391662597656,1382800
2017-02-01,79.76000213623047,79.98999786376953,78.38999938964844,78.44999694824219,76.72957611083984,622700
2017-02-02,77.9800033569336,78.9000015258789,77.7699966430664,77.94000244140625,76.23075866699219,849700
2017-02-03,78.55999755859375,78.86000061035156,77.7300033569336,78.13999938964844,76.4263687133789,1116300
2017-02-06,78.05000305175781,78.22000122070312,77.44999694824219,77.79000091552734,76.08403778076172,962200
2017-02-07,78.54000091552734,80.0999984741211,77.52999877929688,79.19000244140625,77.45333862304688,1572800
2017-02-08,78.79000091552734,79.22000122070312,76.80000305175781,76.97000122070312,75.28203582763672,882100
2017-02-09,77.05999755859375,78.19000244140625,76.75,78.12999725341797,76.41657257080078,508000
2017-02-10,78.37000274658203,78.37000274658203,77.52999877929688,77.66999816894531,75.9666748046875,434300
2017-02-13,77.70999908447266,79.23999786376953,77.70999908447266,79.0999984741211,77.36531829833984,560800
2017-02-14,79.13999938964844,79.91999816894531,78.88999938964844,79.62000274658203,77.87391662597656,692400
2017-02-15,79.55999755859375,80.22000122070312,79.36000061035156,80.16000366210938,78.40206909179688,739500
2017-02-16,80.0999984741211,80.47000122070312,79.62000274658203,80.4000015258789,78.63679504394531,679800
2017-02-17,80.33000183105469,81.31999969482422,79.94999694824219,80.94000244140625,79.16495513916016,1104400
2017-02-21,81.18000030517578,81.36000061035156,80.45999908447266,80.54000091552734,78.77374267578125,860100
2017-02-22,79.94000244140625,80.87999725341797,79.86000061035156,80.54000091552734,78.77374267578125,712700
2017-02-23,80.56999969482422,80.83000183105469,80.01000213623047,80.26000213623047,78.4998779296875,669700
2017-02-24,79.29000091552734,80.29000091552734,79.2300033569336,79.69999694824219,77.95215606689453,2142000
2017-02-27,79.83999633789062,80.0,78.4000015258789,78.95999908447266,77.22838592529297,1412200
2017-02-28,78.62000274658203,78.80999755859375,77.33000183105469,78.05000305175781,76.33834838867188,20233300
2017-03-01,78.66999816894531,80.62999725341797,78.4000015258789,79.30000305175781,77.81017303466797,2719400
2017-03-02,79.0999984741211,79.16999816894531,77.7699966430664,78.25,76.77989196777344,2155800
2017-03-03,78.62000274658203,78.88999938964844,77.68000030517578,78.2699966430664,76.79951477050781,1742800
2017-03-06,78.05999755859375,78.54000091552734,77.70999908447266,77.98999786376953,76.52477264404297,1123000
2017-03-07,78.16000366210938,78.4800033569336,77.80000305175781,77.97000122070312,76.5051498413086,1242500
2017-03-08,78.16999816894531,78.75,77.8499984741211,78.38999938964844,76.9172592163086,1285000
2017-03-09,78.52999877929688,78.58999633789062,77.86000061035156,78.58000183105469,77.10369110107422,2220100
2017-03-10,79.12000274658203,79.66999816894531,78.77999877929688,79.62999725341797,78.13395690917969,1231600
2017-03-13,79.76000213623047,80.47000122070312,79.47000122070312,80.25,78.74231719970703,1055800
2017-03-14,79.88999938964844,80.58999633789062,79.8499984741211,80.37999725341797,78.86986541748047,846900
2017-03-15,80.75,80.75,79.9000015258789,80.26000213623047,78.75212860107422,1483900
2017-03-16,80.41999816894531,80.76000213623047,80.19000244140625,80.44999694824219,78.93855285644531,846300
2017-03-17,80.29000091552734,80.68000030517578,79.91000366210938,80.56999969482422,79.0562973022461,1464500
2017-03-20,80.37999725341797,80.97000122070312,80.08000183105469,80.51000213623047,78.99742889404297,1151400
2017-03-21,80.94000244140625,80.94000244140625,79.41000366210938,79.63999938964844,78.1437759399414,1264600
2017-03-22,79.55000305175781,80.06999969482422,79.18000030517578,79.7300033569336,78.23209381103516,1055600
2017-03-23,79.9000015258789,80.26000213623047,79.3499984741211,79.8499984741211,78.3498306274414,896400
2017-03-24,80.08999633789062,80.3499984741211,79.12000274658203,79.44000244140625,77.9475326538086,623400
2017-03-27,78.83000183105469,79.33000183105469,78.31999969482422,79.18000030517578,77.69241333007812,657400
2017-03-28,78.91999816894531,79.62999725341797,78.69000244140625,79.13999938964844,77.65316009521484,625700
2017-03-29,79.12000274658203,79.22000122070312,78.30999755859375,79.20999908447266,77.72184753417969,990200
2017-03-30,79.12999725341797,80.0999984741211,78.83000183105469,80.0,78.49700164794922,776200
2017-03-31,80.4000015258789,81.31999969482422,79.4000015258789,81.06999969482422,79.54691314697266,1009100
2017-04-03,81.02999877929688,81.44000244140625,80.05999755859375,80.66999816894531,79.15442657470703,743700
2017-04-04,80.62999725341797,80.91999816894531,80.22000122070312,80.88999938964844,79.37028503417969,1156200
2017-04-05,81.05999755859375,81.51000213623047,80.23999786376953,80.41999816894531,78.90911102294922,1020500
2017-04-06,80.43000030517578,80.83000183105469,80.11000061035156,80.31999969482422,78.81099700927734,1105800
2017-04-07,80.3499984741211,81.19000244140625,80.01000213623047,81.08000183105469,79.55671691894531,1019200
2017-04-10,81.29000091552734,81.56999969482422,80.77999877929688,81.11000061035156,79.58616638183594,721400
2017-04-11,80.62000274658203,80.98999786376953,80.0,80.58999633789062,79.07592010498047,1002800
2017-04-12,80.58999633789062,81.62999725341797,80.12000274658203,81.52999877929688,79.9982681274414,1050500
2017-04-13,81.36000061035156,82.16000366210938,80.58000183105469,81.29000091552734,79.76277923583984,671900
2017-04-17,81.26000213623047,82.25,80.93000030517578,82.16000366210938,80.6164321899414,607200
2017-04-18,81.75,82.62000274658203,81.75,81.93000030517578,80.3907470703125,654100
2017-04-19,81.94000244140625,82.5,81.94000244140625,82.22000122070312,80.67530059814453,636600
2017-04-20,82.72000122070312,83.30999755859375,82.27999877929688,83.0,81.44065856933594,945600
2017-04-21,82.97000122070312,83.52999877929688,82.73999786376953,82.98999786376953,81.43083953857422,880300
2017-04-24,83.81999969482422,84.1500015258789,83.30000305175781,83.83999633789062,82.26486206054688,1435600
2017-04-25,84.0999984741211,84.62999725341797,83.93000030517578,84.16000366210938,82.578857421875,968700
2017-04-26,82.4000015258789,84.08000183105469,82.4000015258789,83.62999725341797,82.0588150024414,1185700
2017-04-27,83.80000305175781,83.80000305175781,82.29000091552734,82.4000015258789,80.85192108154297,1115700
2017-04-28,82.4800033569336,82.72000122070312,81.8499984741211,82.41000366210938,80.86174774169922,1823800
2017-05-01,82.62000274658203,83.0999984741211,82.30999755859375,82.66000366210938,81.10704040527344,926700
2017-05-02,82.7699966430664,83.12000274658203,82.0999984741211,82.9800033569336,81.42102813720703,948200
2017-05-03,82.48999786376953,83.1500015258789,82.27999877929688,83.02999877929688,81.47007751464844,999000
2017-05-04,83.16000366210938,83.70999908447266,82.44999694824219,82.9800033569336,81.42102813720703,818100
2017-05-05,83.25,83.87999725341797,82.98999786376953,83.76000213623047,82.1863784790039,886900
2017-05-08,83.56999969482422,84.08999633789062,82.13999938964844,82.26000213623047,80.71454620361328,989500
2017-05-09,83.0,85.3499984741211,83.0,84.98999786376953,83.39325714111328,2528900
2017-05-10,85.37999725341797,86.27999877929688,83.72000122070312,84.83999633789062,83.2460708618164,1336700
2017-05-11,84.44999694824219,84.83999633789062,83.72000122070312,84.36000061035156,82.77509307861328,1230100
2017-05-12,84.2699966430664,84.72000122070312,83.86000061035156,84.06999969482422,82.49054718017578,1069300
2017-05-15,84.41000366210938,85.12000274658203,84.16000366210938,85.0,83.40308380126953,1414000
2017-05-16,84.81999969482422,84.81999969482422,83.08999633789062,83.93000030517578,82.35317993164062,2093400
2017-05-17,83.16999816894531,84.69999694824219,82.54000091552734,84.1500015258789,82.56904602050781,1711900
2017-05-18,84.0999984741211,84.7699966430664,83.73999786376953,84.41000366210938,82.82415771484375,902100
2017-05-19,84.56999969482422,85.12999725341797,83.9000015258789,85.04000091552734,83.44232940673828,2979100
2017-05-22,85.0,85.36000061035156,84.55000305175781,85.05000305175781,83.45213317871094,966600
2017-05-23,85.12000274658203,85.79000091552734,84.88999938964844,85.7300033569336,84.11935424804688,1192200
2017-05-24,85.83999633789062,86.16999816894531,85.37000274658203,86.02999877929688,84.4137191772461,662600
2017-05-25,86.29000091552734,86.62999725341797,85.81999969482422,86.27999877929688,84.65901947021484,931900
2017-05-26,86.30000305175781,86.75,85.97000122070312,86.62999725341797,85.00244140625,968900
2017-05-30,86.58000183105469,86.87999725341797,85.86000061035156,86.6500015258789,85.02207946777344,1070800
2017-05-31,86.73999786376953,86.88999938964844,86.05000305175781,86.37000274658203,84.99256134033203,5628400
2017-06-01,86.77999877929688,86.98999786376953,86.27999877929688,86.81999969482422,85.43538665771484,1229800
2017-06-02,86.88999938964844,87.0,86.2699966430664,86.75,85.36649322509766,878700
2017-06-05,86.66000366210938,87.25,86.37999725341797,86.9000015258789,85.51409912109375,1216100
2017-06-06,86.29000091552734,87.13999938964844,86.0999984741211,86.7699966430664,85.38616943359375,1010700
2017-06-07,87.0,89.16000366210938,86.58000183105469,88.87999725341797,87.4625244140625,1619300
2017-06-08,88.69000244140625,89.83000183105469,88.69000244140625,88.9800033569336,87.5609359741211,1251800
2017-06-09,88.80999755859375,89.7699966430664,88.48999786376953,89.75,88.31864166259766,1050100
2017-06-12,89.20999908447266,89.79000091552734,89.05000305175781,89.76000213623047,88.3284912109375,942100
2017-06-13,89.94000244140625,90.08999633789062,89.20999908447266,89.93000030517578,88.49578094482422,1269100
2017-06-14,89.33000183105469,90.29000091552734,89.33000183105469,90.0,88.56466674804688,822900
2017-06-15,89.4800033569336,89.69999694824219,88.98999786376953,89.54000091552734,88.11199951171875,746900
2017-06-16,88.83999633789062,89.95999908447266,88.18000030517578,88.56999969482422,87.157470703125,3292200
2017-06-19,88.95999908447266,89.70999908447266,88.95999908447266,89.62000274658203,88.19072723388672,858200
2017-06-20,89.58999633789062,89.80999755859375,88.5999984741211,88.95999908447266,87.54125213623047,996700
2017-06-21,89.06999969482422,89.1500015258789,88.66999816894531,88.81999969482422,87.40348052978516,609600
2017-06-22,88.81999969482422,88.94000244140625,88.44000244140625,88.56999969482422,87.157470703125,598500
2017-06-23,88.70999908447266,89.26000213623047,88.58999633789062,88.7699966430664,87.35428619384766,850200
2017-06-26,88.80000305175781,89.6500015258789,88.80000305175781,89.62000274658203,88.19072723388672,704500
2017-06-27,89.62000274658203,90.05999755859375,89.38999938964844,90.01000213623047,88.57450866699219,847400
2017-06-28,90.05999755859375,90.76000213623047,89.69999694824219,90.55000305175781,89.10590362548828,772400
2017-06-29,91.23999786376953,91.30000305175781,90.05000305175781,91.0,89.54872131347656,750800
2017-06-30,91.11000061035156,91.80000305175781,91.0,91.4000015258789,89.94233703613281,910000
2017-07-03,91.83000183105469,92.29000091552734,91.54000091552734,91.91000366210938,90.4441909790039,538100
2017-07-05,92.20999908447266,93.55000305175781,92.16000366210938,93.02999877929688,91.54634094238281,1392100
2017-07-06,92.95999908447266,93.41000366210938,92.12999725341797,92.18000030517578,90.70989227294922,918700
2017-07-07,92.31999969482422,93.29000091552734,91.4000015258789,92.9800033569336,91.49713897705078,1044800
2017-07-10,93.01000213623047,93.19999694824219,92.62000274658203,92.69000244140625,91.2117691040039,751100
2017-07-11,92.58000183105469,93.04000091552734,92.05000305175781,92.79000091552734,91.31016540527344,618600
2017-07-12,92.5199966430664,92.70999908447266,91.63999938964844,91.94000244140625,90.47372436523438,801000
2017-07-13,92.3499984741211,92.68000030517578,91.12000274658203,92.54000091552734,91.06414794921875,710600
2017-07-14,92.41000366210938,92.4800033569336,91.83000183105469,91.9800033569336,90.5130844116211,474000
2017-07-17,91.98999786376953,92.54000091552734,91.95999908447266,92.0199966430664,90.55244445800781,669900
2017-07-18,91.94000244140625,93.18000030517578,91.81999969482422,93.12000274658203,91.6349105834961,720900
2017-07-19,93.13999938964844,93.36000061035156,92.3499984741211,92.91000366210938,91.42826080322266,529700
2017-07-20,92.86000061035156,93.25,92.54000091552734,93.1500015258789,91.6644287109375,503600
2017-07-21,93.2699966430664,94.37000274658203,93.2699966430664,93.94000244140625,92.44183349609375,792700
2017-07-24,93.80999755859375,94.48999786376953,93.76000213623047,93.8499984741211,92.35325622558594,711800
2017-07-25,94.29000091552734,94.31999969482422,93.30999755859375,93.4000015258789,91.91043853759766,748300
2017-07-26,93.5999984741211,94.58999633789062,93.38999938964844,94.04000091552734,92.54023742675781,834700
2017-07-27,94.04000091552734,94.0999984741211,92.62000274658203,93.29000091552734,91.80218505859375,641000
2017-07-28,93.22000122070312,94.1500015258789,93.12000274658203,93.48999786376953,91.9990005493164,551000
2017-07-31,93.77999877929688,94.69999694824219,93.51000213623047,94.52999877929688,93.02241516113281,808700
2017-08-01,94.80999755859375,95.25,94.12999725341797,95.20999908447266,93.69156646728516,839400
2017-08-02,94.93000030517578,95.20999908447266,94.05000305175781,94.79000091552734,93.27827453613281,693300
2017-08-03,94.79000091552734,95.25,94.3499984741211,94.98999786376953,93.4750747680664,756200
2017-08-04,95.7699966430664,95.94999694824219,92.19999694824219,93.5,92.00884246826172,1228900
2017-08-07,93.5999984741211,95.3499984741211,92.36000061035156,94.63999938964844,93.13065338134766,1151700
2017-08-08,94.2699966430664,95.55999755859375,94.0199966430664,95.45999908447266,93.93758392333984,871100
2017-08-09,95.51000213623047,96.94999694824219,94.91000366210938,96.80000305175781,95.25621795654297,759100
2017-08-10,96.6500015258789,97.23999786376953,96.3499984741211,96.66999816894531,95.12828826904297,806000
2017-08-11,96.9800033569336,97.2699966430664,95.80999755859375,96.2300033569336,94.69530487060547,540000
2017-08-14,96.45999908447266,98.0199966430664,96.23999786376953,97.06999969482422,95.52190399169922,909600
2017-08-15,97.27999877929688,98.05999755859375,96.86000061035156,97.54000091552734,95.98441314697266,1029500
2017-08-16,97.79000091552734,98.55000305175781,97.5,97.83000183105469,96.26979064941406,667400
2017-08-17,97.87000274658203,98.04000091552734,97.12999725341797,97.19000244140625,95.6399917602539,797300
2017-08-18,96.93000030517578,97.31999969482422,96.23999786376953,96.30000305175781,94.76419067382812,1240800
2017-08-21,96.20999908447266,97.38999938964844,95.70999908447266,97.08999633789062,95.54158020019531,924800
2017-08-22,97.19999694824219,99.23999786376953,97.02999877929688,99.11000061035156,97.52937316894531,1048400
2017-08-23,98.80999755859375,99.4000015258789,98.37000274658203,98.4000015258789,96.83070373535156,865000
2017-08-24,99.0,99.04000091552734,98.19000244140625,98.45999908447266,96.88973999023438,738500
2017-08-25,98.9000015258789,99.98999786376953,98.55000305175781,99.7699966430664,98.17884826660156,787500
2017-08-28,100.0,100.44000244140625,99.16999816894531,100.1500015258789,98.55278778076172,720700
2017-08-29,100.0,100.37999725341797,99.66000366210938,100.33999633789062,98.73975372314453,633300
2017-08-30,100.41000366210938,100.56999969482422,99.63999938964844,100.2699966430664,98.93710327148438,728400
2017-08-31,100.63999938964844,101.3499984741211,100.33000183105469,100.88999938964844,99.5488510131836,986700
2017-09-01,100.61000061035156,101.16000366210938,100.5199966430664,100.94000244140625,99.59819030761719,649300
2017-09-05,100.52999877929688,102.31999969482422,100.52999877929688,102.19999694824219,100.8414306640625,1603200
2017-09-06,102.56999969482422,104.0999984741211,102.45999908447266,103.7300033569336,102.35111236572266,1355500
2017-09-07,104.01000213623047,104.31999969482422,103.19000244140625,103.68000030517578,102.30176544189453,967000
2017-09-08,103.76000213623047,105.91000366210938,103.69999694824219,104.73999786376953,103.3476791381836,1126100
2017-09-11,105.36000061035156,105.9000015258789,103.86000061035156,104.37999725341797,102.99246215820312,1296700
2017-09-12,104.7300033569336,105.48999786376953,104.27999877929688,104.7300033569336,103.33782196044922,1132200
2017-09-13,104.7300033569336,105.5999984741211,104.0199966430664,105.37000274658203,103.96929931640625,1698100
2017-09-14,105.0,106.52999877929688,105.0,105.8499984741211,104.44292449951172,1966200
2017-09-15,105.8499984741211,106.41000366210938,104.63999938964844,104.66999816894531,103.27860260009766,6221300
2017-09-18,104.6500015258789,105.80999755859375,104.6500015258789,105.48999786376953,104.08769989013672,1577300
2017-09-19,105.54000091552734,106.26000213623047,105.26000213623047,105.43000030517578,104.02851104736328,1514200
2017-09-20,105.66000366210938,107.05999755859375,105.43000030517578,106.4000015258789,104.9856185913086,919600
2017-09-21,106.5999984741211,106.9800033569336,105.55999755859375,106.26000213623047,104.84747314453125,973600
2017-09-22,106.19999694824219,106.72000122070312,105.80999755859375,106.5999984741211,105.18294525146484,733800
2017-09-25,106.72000122070312,106.98999786376953,105.58000183105469,106.30999755859375,104.89681243896484,784900
2017-09-26,106.30999755859375,106.69999694824219,104.66999816894531,104.70999908447266,103.31807708740234,846400
2017-09-27,105.3499984741211,107.06999969482422,105.0,106.69999694824219,105.2816162109375,864100
2017-09-28,106.54000091552734,107.72000122070312,106.51000213623047,107.31999969482422,105.89337921142578,601600
2017-09-29,107.37000274658203,108.26000213623047,107.01000213623047,107.62999725341797,106.19925689697266,785000
2017-10-02,107.91999816894531,108.41000366210938,107.4800033569336,108.18000030517578,106.74195098876953,674100
2017-10-03,108.70999908447266,109.61000061035156,108.05000305175781,109.06999969482422,107.62012481689453,1019000
2017-10-04,109.19999694824219,109.6500015258789,108.31999969482422,109.33999633789062,107.88652801513672,739900
2017-10-05,110.20999908447266,110.20999908447266,108.38999938964844,108.43000030517578,106.9886245727539,932200
2017-10-06,108.80000305175781,109.0999984741211,107.62999725341797,108.16999816894531,106.73208618164062,1626500
2017-10-09,107.8499984741211,109.33999633789062,107.8499984741211,109.22000122070312,107.76812744140625,710300
2017-10-10,109.2300033569336,109.29000091552734,108.33000183105469,108.43000030517578,106.9886245727539,599100
2017-10-11,108.63999938964844,109.0999984741211,107.93000030517578,109.0999984741211,107.64971923828125,803500
2017-10-12,108.81999969482422,110.37000274658203,108.7699966430664,110.0199966430664,108.55748748779297,681200
2017-10-13,110.19999694824219,110.66999816894531,109.91999816894531,110.5,109.03111267089844,645900
2017-10-16,110.1500015258789,110.6500015258789,109.45999908447266,109.69999694824219,108.24174499511719,927100
2017-10-17,110.11000061035156,110.48999786376953,109.38999938964844,109.52999877929688,108.07401275634766,765500
2017-10-18,109.58000183105469,109.79000091552734,108.86000061035156,109.58999633789062,108.1332015991211,760100
2017-10-19,109.55999755859375,109.55999755859375,108.12000274658203,108.93000030517578,107.48197174072266,813400
2017-10-20,109.29000091552734,110.08999633789062,109.20999908447266,109.98999786376953,108.52788543701172,742800
2017-10-23,109.93000030517578,111.04000091552734,109.44000244140625,110.69000244140625,109.21858215332031,726300
2017-10-24,111.0,111.25,110.01000213623047,110.25,108.784423828125,525300
2017-10-25,110.1500015258789,110.51000213623047,108.47000122070312,109.7300033569336,108.2713394165039,939100
2017-10-26,110.0,111.62000274658203,109.5999984741211,111.48999786376953,110.00794219970703,756600
2017-10-27,111.33000183105469,112.5,110.77999877929688,111.94999694824219,110.46182250976562,657400
2017-10-30,111.81999969482422,112.7300033569336,111.76000213623047,111.86000061035156,110.37303161621094,528300
2017-10-31,111.5999984741211,113.37999725341797,111.44999694824219,113.05999755859375,111.55707550048828,793200
2017-11-01,113.69000244140625,113.80999755859375,112.5999984741211,112.62999725341797,111.1327896118164,513800
2017-11-02,113.4800033569336,115.73999786376953,113.12000274658203,115.56999969482422,114.0337142944336,947100
2017-11-03,115.55000305175781,115.91000366210938,114.88999938964844,115.0199966430664,113.49102783203125,581700
2017-11-06,115.06999969482422,115.70999908447266,114.0,114.44000244140625,112.91873931884766,1020900
2017-11-07,113.29000091552734,116.55999755859375,112.3499984741211,113.41999816894531,111.91229248046875,1115400
2017-11-08,113.30999755859375,113.7699966430664,112.62000274658203,113.41999816894531,111.91229248046875,743300
2017-11-09,113.05999755859375,114.41000366210938,109.83999633789062,114.12999725341797,112.61285400390625,853700
2017-11-10,114.33000183105469,115.31999969482422,113.9000015258789,114.44999694824219,112.92860412597656,1037100
2017-11-13,114.68000030517578,116.12999725341797,114.51000213623047,115.73999786376953,114.20144653320312,881100
2017-11-14,115.68000030517578,116.91000366210938,115.51000213623047,116.5999984741211,115.05001831054688,1497800
2017-11-15,116.79000091552734,116.80000305175781,115.37000274658203,115.51000213623047,113.9745101928711,756800
2017-11-16,115.75,116.33999633789062,115.2300033569336,116.0199966430664,114.47772979736328,671500
2017-11-17,115.94999694824219,116.8499984741211,115.88999938964844,116.4800033569336,114.93162536621094,777100
2017-11-20,116.7300033569336,119.29000091552734,116.7300033569336,119.2300033569336,117.64506530761719,1413300
2017-11-21,120.13999938964844,120.48999786376953,118.19999694824219,119.62999725341797,118.03973388671875,937000
2017-11-22,119.76000213623047,120.2300033569336,118.45999908447266,119.3499984741211,117.76346588134766,700500
2017-11-24,119.62999725341797,120.83999633789062,119.54000091552734,120.12999725341797,118.53308868408203,333000
2017-11-27,120.58000183105469,121.0199966430664,120.38999938964844,120.5,118.89817810058594,786400
2017-11-28,121.0,122.80000305175781,120.72000122070312,122.72000122070312,121.08866882324219,886000
2017-11-29,123.31999969482422,125.04000091552734,119.77999877929688,120.93000030517578,119.32246398925781,2075700
2017-11-30,121.18000030517578,124.25,120.80000305175781,123.43000030517578,122.06175994873047,2264000
2017-12-01,124.41999816894531,125.0,122.29000091552734,124.25,122.87266540527344,1566400
2017-12-04,126.0,127.77999877929688,122.3499984741211,123.11000061035156,121.74530029296875,1550500
2017-12-05,123.0199966430664,123.9800033569336,121.2699966430664,123.7699966430664,122.39797973632812,1349700
2017-12-06,123.69000244140625,124.3499984741211,122.83999633789062,123.41000366210938,122.04197692871094,1020000
2017-12-07,123.76000213623047,124.76000213623047,122.37000274658203,124.19000244140625,122.8133316040039,919800
2017-12-08,125.0,125.5,124.01000213623047,125.2699966430664,123.88136291503906,1213700
2017-12-11,126.76000213623047,126.9800033569336,124.76000213623047,126.3499984741211,124.94937896728516,1263800
2017-12-12,126.81999969482422,128.32000732421875,126.26000213623047,127.62000274658203,126.20530700683594,1204200
2017-12-13,127.81999969482422,128.3000030517578,126.12000274658203,126.27999877929688,124.8801498413086,1591400
2017-12-14,126.87000274658203,127.61000061035156,125.16999816894531,126.05999755859375,124.66259765625,1699200
2017-12-15,126.38999938964844,127.06999969482422,125.1500015258789,126.37000274658203,124.96916198730469,2725500
2017-12-18,126.58000183105469,126.95999908447266,125.54000091552734,125.79000091552734,124.39558410644531,1761500
2017-12-19,126.31999969482422,127.22000122070312,124.5199966430664,124.6500015258789,123.26822662353516,1585100
2017-12-20,124.69999694824219,125.5199966430664,123.2699966430664,124.2300033569336,122.85289001464844,945200
2017-12-21,124.5,125.0,123.76000213623047,124.62999725341797,123.24844360351562,1635200
2017-12-22,124.6500015258789,125.19999694824219,124.30000305175781,124.47000122070312,123.09021759033203,683600
2017-12-26,124.19000244140625,124.47000122070312,123.23999786376953,124.04000091552734,122.66498565673828,521300
2017-12-27,123.87000274658203,125.54000091552734,123.72000122070312,124.76000213623047,123.37701416015625,647000
2017-12-28,125.0999984741211,125.0999984741211,123.72000122070312,124.8499984741211,123.46600341796875,823000
2017-12-29,125.06999969482422,125.76000213623047,124.27999877929688,124.58999633789062,123.20889282226562,673000
2018-01-02,124.87999725341797,125.30000305175781,122.3499984741211,122.75,121.38928985595703,841900
2018-01-03,122.3499984741211,124.0999984741211,120.3499984741211,123.55999755859375,122.1903076171875,1010500
2018-01-04,123.75,124.9000015258789,123.48999786376953,124.04000091552734,122.66498565673828,917900
2018-01-05,127.38999938964844,127.83000183105469,124.05000305175781,127.5999984741211,126.1855239868164,1241400
2018-01-08,127.47000122070312,129.9499969482422,127.05000305175781,129.52999877929688,128.09413146972656,1130500
2018-01-09,129.6999969482422,131.57000732421875,129.6999969482422,130.7899932861328,129.3401641845703,1085900
2018-01-10,130.47999572753906,132.4600067138672,130.30999755859375,132.3300018310547,130.8630828857422,791900
2018-01-11,132.41000366210938,133.30999755859375,131.86000061035156,132.19000244140625,130.72463989257812,1083000
2018-01-12,132.19000244140625,132.6199951171875,131.4199981689453,131.50999450683594,130.0521697998047,618200
2018-01-16,132.22000122070312,133.05999755859375,129.8300018310547,130.7899932861328,129.3401641845703,861900
2018-01-17,130.86000061035156,131.8699951171875,130.57000732421875,131.52000427246094,130.0620574951172,721000
2018-01-18,131.07000732421875,133.0,130.77000427246094,132.91000366210938,131.43667602539062,760200
2018-01-19,133.05999755859375,134.14999389648438,132.64999389648438,133.8800048828125,132.39593505859375,885300
2018-01-22,133.80999755859375,134.63999938964844,133.3699951171875,134.55999755859375,133.06837463378906,607600
2018-01-23,134.33999633789062,134.9600067138672,133.92999267578125,134.80999755859375,133.31561279296875,635900
2018-01-24,135.0,135.66000366210938,133.38999938964844,135.57000732421875,134.0671844482422,605900
2018-01-25,136.3800048828125,137.42999267578125,135.25999450683594,137.16000366210938,135.63955688476562,793900
2018-01-26,137.5,137.63999938964844,136.0,137.02000427246094,135.50111389160156,953700
2018-01-29,137.1999969482422,138.5399932861328,134.72999572753906,135.11000061035156,133.6122589111328,983600
2018-01-30,134.52999877929688,134.89999389648438,132.3800048828125,133.2899932861328,131.8124542236328,1434200
2018-01-31,133.57000732421875,135.4199981689453,133.5,134.38999938964844,132.90025329589844,872400
2018-02-01,134.1699981689453,136.8000030517578,133.55999755859375,136.55999755859375,135.04620361328125,893000
2018-02-02,136.19000244140625,136.94000244140625,134.52999877929688,134.64999389648438,133.15737915039062,861600
2018-02-05,133.1699981689453,136.57000732421875,130.0500030517578,130.52999877929688,129.08303833007812,1719300
2018-02-06,125.56999969482422,125.68000030517578,108.0,116.94000244140625,115.64369201660156,7648400
2018-02-07,111.01000213623047,116.08999633789062,111.01000213623047,114.56999969482422,113.29996490478516,4190800
2018-02-08,114.41000366210938,114.87999725341797,111.06999969482422,111.1500015258789,109.91788482666016,3246300
2018-02-09,104.3499984741211,108.61000061035156,96.80999755859375,107.11000061035156,105.92266082763672,7012900
2018-02-12,108.58000183105469,113.31999969482422,108.3499984741211,110.68000030517578,109.45308685302734,2567300
2018-02-13,110.7300033569336,113.47000122070312,109.54000091552734,112.22000122070312,110.97602844238281,2403500
2018-02-14,111.58999633789062,115.62000274658203,111.31999969482422,115.0,113.7251968383789,2331900
2018-02-15,116.47000122070312,117.58000183105469,114.62000274658203,117.44999694824219,116.14804077148438,2075500
2018-02-16,116.83999633789062,117.38999938964844,110.83999633789062,111.44999694824219,110.21455383300781,2804000
2018-02-20,110.95999908447266,113.02999877929688,110.02999877929688,110.77999877929688,109.5519790649414,1707200
2018-02-21,111.23999786376953,113.0999984741211,110.75,111.30000305175781,110.06622314453125,1400500
2018-02-22,111.33999633789062,112.06999969482422,109.58999633789062,109.95999908447266,108.74107360839844,992900
2018-02-23,110.11000061035156,110.12000274658203,108.2699966430664,108.75,107.54448699951172,2064200
2018-02-26,108.94000244140625,111.95999908447266,108.86000061035156,111.33000183105469,110.09588623046875,1609000
2018-02-27,110.94000244140625,111.93000030517578,110.16000366210938,110.19000244140625,108.96852111816406,1271500
2018-02-28,110.98999786376953,113.48999786376953,110.58000183105469,112.01000213623047,110.76834106445312,1800900
2018-03-01,111.62999725341797,112.7300033569336,111.06999969482422,111.36000061035156,110.39165496826172,2780200
2018-03-02,111.02999877929688,116.37000274658203,110.69999694824219,115.0,114.0,1907400
2018-03-05,114.51000213623047,116.56999969482422,113.12000274658203,115.3499984741211,114.34695434570312,1957400
2018-03-06,115.3499984741211,119.19999694824219,115.16000366210938,118.16999816894531,117.14242553710938,2139400
2018-03-07,117.5999984741211,119.0999984741211,117.22000122070312,118.79000091552734,117.75704193115234,1488400
2018-03-08,119.38999938964844,120.6500015258789,118.9000015258789,119.88999938964844,118.84746551513672,1257500
2018-03-09,120.22000122070312,124.55000305175781,120.18000030517578,124.54000091552734,123.45703887939453,1432700
2018-03-12,124.16999816894531,124.54000091552734,123.05999755859375,123.81999969482422,122.74329376220703,1253100
2018-03-13,124.55999755859375,124.55999755859375,119.45999908447266,119.91999816894531,118.87721252441406,1141100
2018-03-14,120.55000305175781,120.55000305175781,118.94999694824219,119.29000091552734,118.25269317626953,818800
2018-03-15,119.29000091552734,119.41999816894531,117.63999938964844,118.61000061035156,117.57859802246094,938200
2018-03-16,118.94999694824219,119.76000213623047,117.80999755859375,119.22000122070312,118.18329620361328,1218000
2018-03-19,119.19999694824219,120.44999694824219,117.22000122070312,118.52999877929688,117.49929809570312,1275400
2018-03-20,118.5999984741211,121.55000305175781,117.98999786376953,119.9000015258789,118.85739135742188,1166800
2018-03-21,116.22000122070312,118.5,116.0,117.33000183105469,116.30973052978516,1441300
2018-03-22,116.5199966430664,117.29000091552734,112.41000366210938,112.62000274658203,111.64070129394531,1039200
2018-03-23,112.63999938964844,113.83999633789062,111.36000061035156,111.70999908447266,110.73860168457031,1030200
2018-03-26,112.94000244140625,115.29000091552734,112.26000213623047,114.58999633789062,113.59355926513672,818200
2018-03-27,114.54000091552734,114.93000030517578,111.12999725341797,112.05999755859375,111.08555603027344,1014000
2018-03-28,112.05999755859375,113.5199966430664,111.47000122070312,111.91000366210938,110.93687438964844,814200
2018-03-29,112.45999908447266,115.36000061035156,112.08999633789062,114.0999984741211,113.10781860351562,1472700
2018-04-02,114.08000183105469,115.12999725341797,111.30000305175781,112.4800033569336,111.50190734863281,1105600
2018-04-03,112.1500015258789,112.5199966430664,109.16999816894531,110.98999786376953,110.02486419677734,1894000
2018-04-04,109.66000366210938,111.80999755859375,109.0199966430664,111.20999908447266,110.24295043945312,1661300
2018-04-05,112.38999938964844,112.80999755859375,111.08999633789062,111.5999984741211,110.62956237792969,1020700
2018-04-06,110.26000213623047,111.05999755859375,108.47000122070312,109.33999633789062,108.38920593261719,1301900
2018-04-09,109.87000274658203,112.05000305175781,109.7300033569336,110.02999877929688,109.07321166992188,931000
2018-04-10,110.62000274658203,111.58000183105469,109.83999633789062,110.27999877929688,109.32103729248047,877800
2018-04-11,109.66999816894531,109.75,108.02999877929688,108.44999694824219,107.50694274902344,1181700
2018-04-12,108.91999816894531,110.6500015258789,108.22000122070312,109.66999816894531,108.71634674072266,675600
2018-04-13,109.94999694824219,110.04000091552734,108.05000305175781,108.3499984741211,107.4078140258789,895000
2018-04-16,109.08000183105469,109.73999786376953,108.58000183105469,108.80999755859375,107.86382293701172,568200
2018-04-17,109.62999725341797,110.31999969482422,109.0999984741211,110.08999633789062,109.1326904296875,763900
2018-04-18,110.25,110.66999816894531,109.30000305175781,109.33000183105469,108.37930297851562,563500
2018-04-19,108.98999786376953,110.4000015258789,108.80000305175781,109.87999725341797,108.92451477050781,988300
2018-04-20,110.19000244140625,110.88999938964844,109.63999938964844,110.16000366210938,109.20207977294922,562800
2018-04-23,110.73999786376953,110.86000061035156,107.81999969482422,107.94000244140625,107.00138854980469,818900
2018-04-24,108.48999786376953,108.87999725341797,105.4800033569336,105.55000305175781,104.63217163085938,1069900
2018-04-25,105.26000213623047,106.58999633789062,104.33000183105469,106.2699966430664,105.34590148925781,1061100
2018-04-26,106.44000244140625,107.70999908447266,104.81999969482422,106.87000274658203,105.94068908691406,964300
2018-04-27,106.66999816894531,107.44999694824219,105.16000366210938,106.19000244140625,105.26660919189453,853600
2018-04-30,106.61000061035156,108.30999755859375,106.61000061035156,106.77999877929688,105.8514633178711,803800
2018-05-01,106.38999938964844,107.4000015258789,105.88999938964844,107.29000091552734,106.35704803466797,919700
2018-05-02,106.8499984741211,108.80999755859375,106.43000030517578,106.79000091552734,105.86138916015625,1904000
2018-05-03,106.68000030517578,107.0,104.54000091552734,105.44999694824219,104.53303527832031,1857000
2018-05-04,108.5,108.5,101.88999938964844,102.48999786376953,101.5987777709961,2096800
2018-05-07,102.41999816894531,104.1500015258789,101.9000015258789,103.16000366210938,102.26295471191406,1315300
2018-05-08,102.0999984741211,103.5199966430664,102.0,102.37000274658203,101.47982025146484,1149600
2018-05-09,102.56999969482422,104.91000366210938,102.1500015258789,103.91000366210938,103.00643920898438,1164700
2018-05-10,104.2699966430664,105.73999786376953,103.77999877929688,105.41000366210938,104.49339294433594,846600
2018-05-11,105.25,107.19000244140625,104.66999816894531,106.81999969482422,105.89112091064453,1019000
2018-05-14,107.05000305175781,108.36000061035156,106.80000305175781,108.11000061035156,107.16991424560547,1247400
2018-05-15,107.94000244140625,109.55000305175781,107.63999938964844,108.11000061035156,107.16991424560547,1100700
2018-05-16,107.94999694824219,109.41999816894531,107.4800033569336,108.44999694824219,107.50694274902344,731000
2018-05-17,108.44000244140625,108.66000366210938,107.13999938964844,108.37999725341797,107.43755340576172,728000
2018-05-18,108.01000213623047,108.48999786376953,106.55000305175781,106.55999755859375,105.63338470458984,1893300
2018-05-21,106.76000213623047,107.38999938964844,106.29000091552734,106.48999786376953,105.56399536132812,914700
2018-05-22,106.98999786376953,106.98999786376953,103.94999694824219,104.44000244140625,103.53182220458984,992200
2018-05-23,104.22000122070312,104.55999755859375,103.37000274658203,103.83999633789062,102.9370346069336,711500
2018-05-24,103.47000122070312,104.56999969482422,102.06999969482422,102.77999877929688,101.8862533569336,1925400
2018-05-25,102.7699966430664,103.36000061035156,102.08999633789062,103.08999633789062,102.19355773925781,883600
2018-05-29,102.9800033569336,103.66000366210938,101.54000091552734,101.98999786376953,101.1031265258789,924600
2018-05-30,101.27999877929688,101.69999694824219,97.2300033569336,99.0199966430664,98.15894317626953,2159300
2018-05-31,98.68000030517578,99.20999908447266,97.4800033569336,97.55999755859375,96.97607421875,2187300
2018-06-01,98.8499984741211,99.06999969482422,97.55000305175781,98.41999816894531,97.83092498779297,1000800
2018-06-04,98.31999969482422,98.87000274658203,97.55999755859375,98.06999969482422,97.48301696777344,1071100
2018-06-05,98.08000183105469,99.83000183105469,98.08000183105469,99.30000305175781,98.70565795898438,837300
2018-06-06,99.30000305175781,100.45999908447266,99.0999984741211,100.31999969482422,99.71955871582031,1019600
2018-06-07,101.01000213623047,103.22000122070312,100.95999908447266,102.91000366210938,102.29405975341797,1717700
2018-06-08,102.44999694824219,104.5,101.80999755859375,103.94999694824219,103.32781982421875,1257500
2018-06-11,104.29000091552734,105.29000091552734,103.27999877929688,104.91999816894531,104.29202270507812,1896300
2018-06-12,104.7699966430664,105.62999725341797,103.58999633789062,105.5999984741211,104.96794891357422,1483100
2018-06-13,105.79000091552734,106.08000183105469,104.4000015258789,104.5,103.87454223632812,914400
2018-06-14,104.68000030517578,105.79000091552734,103.16999816894531,103.80999755859375,103.18866729736328,967900
2018-06-15,103.4000015258789,104.33000183105469,102.47000122070312,102.81999969482422,102.20458984375,1620800
2018-06-18,103.36000061035156,103.68000030517578,101.66999816894531,103.54000091552734,102.9202880859375,851500
2018-06-19,102.70999908447266,105.62000274658203,101.0,105.19999694824219,104.57034301757812,1440600
2018-06-20,105.04000091552734,106.5,104.08000183105469,104.22000122070312,103.59622192382812,994700
2018-06-21,104.20999908447266,104.63999938964844,103.04000091552734,103.94999694824219,103.32781982421875,789100
2018-06-22,104.58000183105469,105.41999816894531,103.77999877929688,104.9800033569336,104.35166931152344,1437400
2018-06-25,104.68000030517578,105.16999816894531,102.55000305175781,104.1500015258789,103.5266342163086,1038300
2018-06-26,104.68000030517578,107.66999816894531,104.68000030517578,105.7699966430664,105.1369400024414,1513600
2018-06-27,105.94000244140625,106.33000183105469,103.91999816894531,103.94999694824219,103.32781982421875,991900
2018-06-28,103.94000244140625,104.56999969482422,103.11000061035156,103.80999755859375,103.18866729736328,641500
2018-06-29,103.91000366210938,105.56999969482422,102.3499984741211,104.06999969482422,103.44711303710938,968500
2018-07-02,103.37999725341797,103.93000030517578,103.11000061035156,103.75,103.1290283203125,586500
2018-07-03,104.27999877929688,104.41999816894531,102.18000030517578,102.41999816894531,101.8069839477539,318100
2018-07-05,102.66000366210938,103.11000061035156,101.86000061035156,102.94000244140625,102.32388305664062,570800
2018-07-06,102.54000091552734,103.04000091552734,100.29000091552734,100.79000091552734,100.1867446899414,774400
2018-07-09,100.51000213623047,103.37000274658203,100.51000213623047,103.20999908447266,102.5922622680664,1016600
2018-07-10,103.5,103.7300033569336,102.33000183105469,102.9000015258789,102.28411865234375,932100
2018-07-11,101.91000366210938,103.1500015258789,101.75,102.1500015258789,101.53860473632812,597900
2018-07-12,102.51000213623047,103.62000274658203,102.51000213623047,103.12999725341797,102.51273345947266,554300
2018-07-13,103.23999786376953,103.44000244140625,102.33000183105469,102.9000015258789,102.28411865234375,435400
2018-07-16,102.83000183105469,104.62000274658203,102.83000183105469,103.7300033569336,103.10914611816406,606500
2018-07-17,103.94999694824219,105.12000274658203,103.11000061035156,104.87999725341797,104.25225830078125,400700
2018-07-18,105.0,106.16999816894531,104.62999725341797,106.0199966430664,105.38543701171875,485900
2018-07-19,105.61000061035156,106.06999969482422,104.41999816894531,104.76000213623047,104.13298797607422,515000
2018-07-20,104.38999938964844,105.19999694824219,103.80999755859375,104.62000274658203,103.99382019042969,450600
2018-07-23,104.83999633789062,105.20999908447266,103.66000366210938,104.29000091552734,103.6657943725586,623500
2018-07-24,104.4000015258789,105.0999984741211,103.36000061035156,104.12999725341797,103.50675201416016,562600
2018-07-25,104.06999969482422,105.5,103.77999877929688,105.33000183105469,104.69956970214844,514700
2018-07-26,105.30999755859375,105.6500015258789,103.7300033569336,103.91999816894531,103.29801177978516,493600
2018-07-27,104.13999938964844,104.25,102.11000061035156,102.16999816894531,101.55847930908203,512700
2018-07-30,102.08000183105469,102.08000183105469,96.37000274658203,96.68000030517578,96.1013412475586,1156900
2018-07-31,97.23999786376953,97.41999816894531,94.0,97.12999725341797,96.54864501953125,1436200
2018-08-01,97.06999969482422,98.47000122070312,96.2699966430664,96.36000061035156,95.78325653076172,751000
2018-08-02,96.33999633789062,96.66000366210938,95.02999877929688,95.80000305175781,95.22661590576172,1146700
2018-08-03,94.18000030517578,97.0,92.63999938964844,94.62999725341797,94.06360626220703,1486400
2018-08-06,94.20999908447266,94.91999816894531,92.80999755859375,92.95999908447266,92.40361022949219,1204700
2018-08-07,93.18000030517578,94.3499984741211,92.94999694824219,93.62000274658203,93.05966186523438,867000
2018-08-08,93.66999816894531,94.11000061035156,92.41999816894531,92.69999694824219,92.1451644897461,692600
2018-08-09,92.80000305175781,93.4800033569336,92.08999633789062,92.0999984741211,91.54875946044922,1020400
2018-08-10,91.94999694824219,92.62999725341797,91.0999984741211,92.48999786376953,91.93641662597656,977500
2018-08-13,92.5,93.93000030517578,92.48999786376953,92.77999877929688,92.22467803955078,660400
2018-08-14,93.18000030517578,93.9000015258789,93.01000213623047,93.45999908447266,92.9006118774414,574000
2018-08-15,93.27999877929688,94.98999786376953,93.08999633789062,94.6500015258789,94.08348846435547,923600
2018-08-16,94.77999877929688,95.94999694824219,94.77999877929688,95.11000061035156,94.54074096679688,676400
2018-08-17,94.95999908447266,96.22000122070312,94.55000305175781,95.7699966430664,95.19678497314453,837500
2018-08-20,97.20999908447266,99.20999908447266,96.81999969482422,98.77999877929688,98.18877410888672,938200
2018-08-21,98.9000015258789,99.23999786376953,97.48999786376953,97.83999633789062,97.25439453125,637900
2018-08-22,97.5999984741211,99.4800033569336,97.05000305175781,99.12000274658203,98.52674102783203,835200
2018-08-23,98.81999969482422,100.9000015258789,98.76000213623047,100.08000183105469,99.48099517822266,1063500
2018-08-24,100.18000030517578,102.75,99.76000213623047,102.61000061035156,101.995849609375,1148500
2018-08-27,103.06999969482422,103.97000122070312,100.81999969482422,101.13999938964844,100.5346450805664,1056500
2018-08-28,101.54000091552734,101.86000061035156,100.06999969482422,100.2300033569336,99.63009643554688,646700
2018-08-29,100.16999816894531,101.0199966430664,99.8499984741211,100.7699966430664,100.16686248779297,459600
2018-08-30,100.05000305175781,100.75,99.4800033569336,100.63999938964844,100.3463363647461,573800
2018-08-31,100.63999938964844,101.13999938964844,100.1500015258789,100.80000305175781,100.50587463378906,709800
2018-09-04,100.66000366210938,104.08999633789062,100.62999725341797,104.01000213623047,103.70650482177734,1087800
2018-09-05,104.23999786376953,104.86000061035156,102.95999908447266,103.30999755859375,103.008544921875,656900
2018-09-06,103.37999725341797,103.79000091552734,101.9800033569336,102.9000015258789,102.59974670410156,577100
2018-09-07,103.12000274658203,104.9800033569336,102.9800033569336,104.33000183105469,104.02557373046875,744900
2018-09-10,104.61000061035156,105.22000122070312,103.37000274658203,103.41000366210938,103.10826110839844,824700
2018-09-11,103.37000274658203,104.55000305175781,102.51000213623047,104.04000091552734,103.73641967773438,527900
2018-09-12,103.77999877929688,104.4000015258789,102.22000122070312,103.5,103.19799041748047,712100
2018-09-13,103.93000030517578,104.33000183105469,103.19000244140625,104.06999969482422,103.76632690429688,399100
2018-09-14,104.05999755859375,105.19999694824219,103.62999725341797,104.19999694824219,103.89595031738281,385200
2018-09-17,104.69999694824219,105.06999969482422,103.62000274658203,104.77999877929688,104.47425842285156,470600
2018-09-18,104.77999877929688,107.69999694824219,104.68000030517578,106.19000244140625,105.88014221191406,1293500
2018-09-19,105.87999725341797,107.19000244140625,104.72000122070312,106.94000244140625,106.62796020507812,666400
2018-09-20,106.38999938964844,107.44999694824219,105.26000213623047,107.18000030517578,106.86725616455078,1138700
2018-09-21,108.1500015258789,109.12000274658203,106.75,107.1500015258789,106.83734130859375,1705800
2018-09-24,107.26000213623047,107.26000213623047,105.05999755859375,105.29000091552734,104.98277282714844,901100
2018-09-25,102.22000122070312,105.05000305175781,99.5999984741211,101.98999786376953,101.69239807128906,1364400
2018-09-26,101.9800033569336,102.33999633789062,98.27999877929688,98.87000274658203,98.58150482177734,1264100
2018-09-27,98.56999969482422,99.0,97.22000122070312,97.76000213623047,97.47474670410156,882200
2018-09-28,96.97000122070312,97.9800033569336,95.56999969482422,95.95999908447266,95.67999267578125,918400
2018-10-01,95.5,97.23999786376953,95.31999969482422,97.02999877929688,96.74687194824219,759200
2018-10-02,97.0199966430664,97.55000305175781,96.19000244140625,96.62000274658203,96.33807373046875,721300
2018-10-03,97.36000061035156,97.36000061035156,95.37999725341797,95.63999938964844,95.36092376708984,910400
2018-10-04,95.62000274658203,96.0,93.76000213623047,95.43000030517578,95.15154266357422,1162200
2018-10-05,94.18000030517578,98.5,94.18000030517578,97.20999908447266,96.92634582519531,1034200
2018-10-08,97.5199966430664,100.12999725341797,97.04000091552734,99.91999816894531,99.6284408569336,883900
2018-10-09,98.7699966430664,101.97000122070312,98.7699966430664,101.4000015258789,101.10411834716797,1204600
2018-10-10,100.73999786376953,103.19999694824219,100.1500015258789,101.95999908447266,101.66248321533203,1151100
2018-10-11,102.30999755859375,102.41000366210938,100.33000183105469,100.80000305175781,100.50587463378906,1413600
2018-10-12,100.44999694824219,102.0,99.11000061035156,100.11000061035156,99.81788635253906,941300
2018-10-15,97.7300033569336,102.27999877929688,96.7699966430664,99.26000213623047,98.97036743164062,937000
2018-10-16,99.2699966430664,103.05999755859375,99.2699966430664,102.79000091552734,102.49006652832031,725500
2018-10-17,100.69000244140625,103.43000030517578,99.52999877929688,102.63999938964844,102.34049987792969,1138500
2018-10-18,103.38999938964844,104.26000213623047,101.5,103.30000305175781,102.99858093261719,607500
2018-10-19,102.3499984741211,105.0999984741211,102.3499984741211,104.91000366210938,104.6038818359375,696900
2018-10-22,104.06999969482422,104.9000015258789,103.08000183105469,104.43000030517578,104.12528228759766,647200
2018-10-23,105.33999633789062,107.25,103.5199966430664,106.77999877929688,106.46842193603516,1119300
2018-10-24,106.31999969482422,106.91999816894531,105.26000213623047,105.80000305175781,105.49128723144531,1081900
2018-10-25,105.80000305175781,107.12999725341797,105.62000274658203,106.69999694824219,106.3886489868164,703300
2018-10-26,106.69999694824219,107.69999694824219,105.81999969482422,106.93000030517578,106.61798095703125,847500
2018-10-29,109.0,110.0,107.69999694824219,108.91000366210938,108.59220886230469,929600
2018-10-30,109.58999633789062,112.41999816894531,109.0,111.94999694824219,111.62332916259766,791500
2018-10-31,112.48999786376953,114.5999984741211,111.30000305175781,112.8499984741211,112.52070617675781,1069600
2018-11-01,113.66999816894531,114.37000274658203,110.11000061035156,110.5,110.17756652832031,1157400
2018-11-02,114.5,114.5,106.5,112.25,111.9224624633789,986700
2018-11-05,114.13999938964844,115.11000061035156,111.83999633789062,112.13999938964844,111.81278228759766,676900
2018-11-06,111.13999938964844,113.98999786376953,110.47000122070312,112.44000244140625,112.11190795898438,576600
2018-11-07,112.44000244140625,112.6500015258789,110.0,111.2300033569336,110.90544128417969,748500
2018-11-08,110.2300033569336,111.38999938964844,107.27999877929688,109.80000305175781,109.4796142578125,1493300
2018-11-09,108.0199966430664,109.70999908447266,108.0199966430664,108.9000015258789,108.58223724365234,888100
2018-11-12,108.45999908447266,109.0199966430664,106.75,107.5999984741211,107.28602600097656,656900
2018-11-13,108.0,109.9000015258789,106.86000061035156,109.48999786376953,109.1705093383789,662000
2018-11-14,109.06999969482422,110.58000183105469,108.44000244140625,109.5999984741211,109.28018951416016,1143300
2018-11-15,108.55999755859375,109.93000030517578,107.52999877929688,109.70999908447266,109.3898696899414,595500
2018-11-16,109.9800033569336,110.5199966430664,108.70999908447266,110.11000061035156,109.78870391845703,741100
2018-11-19,110.55000305175781,112.66999816894531,109.55000305175781,110.91999816894531,110.5963363647461,929700
2018-11-20,111.73999786376953,112.20999908447266,108.13999938964844,110.0,109.67902374267578,852800
2018-11-21,110.44000244140625,111.33999633789062,107.58000183105469,107.97000122070312,107.65495300292969,691400
2018-11-23,106.55000305175781,108.0199966430664,106.33000183105469,107.38999938964844,107.07664489746094,236700
2018-11-26,107.38999938964844,108.7300033569336,106.63999938964844,107.2699966430664,106.95698547363281,696300
2018-11-27,106.0999984741211,108.08999633789062,105.86000061035156,107.93000030517578,107.61506652832031,855600
2018-11-28,107.5199966430664,108.75,105.87000274658203,106.23999786376953,105.92999267578125,643500
2018-11-29,105.6500015258789,108.01000213623047,104.54000091552734,106.83000183105469,106.83000183105469,906200
2018-11-30,106.06999969482422,108.02999877929688,106.06999969482422,107.62000274658203,107.62000274658203,895400
2018-12-03,107.72000122070312,109.25,101.87000274658203,105.12999725341797,105.12999725341797,1745800
2018-12-04,107.23999786376953,107.98999786376953,103.4800033569336,103.9000015258789,103.9000015258789,1513000
2018-12-06,103.58000183105469,104.25,102.44000244140625,103.62000274658203,103.62000274658203,1276900
2018-12-07,104.44000244140625,105.33999633789062,103.43000030517578,104.33999633789062,104.33999633789062,1241400
2018-12-10,104.31999969482422,105.87000274658203,103.9000015258789,105.45999908447266,105.45999908447266,552000
2018-12-11,106.05000305175781,106.62999725341797,103.30999755859375,103.37999725341797,103.37999725341797,848600
2018-12-12,104.30999755859375,106.12999725341797,103.47000122070312,104.48999786376953,104.48999786376953,1466100
2018-12-13,104.30999755859375,105.48999786376953,102.19000244140625,102.86000061035156,102.86000061035156,797600
2018-12-14,103.16000366210938,103.61000061035156,100.33000183105469,100.88999938964844,100.88999938964844,573300
2018-12-17,101.48999786376953,102.7300033569336,100.18000030517578,100.2699966430664,100.2699966430664,554900
2018-12-18,100.37999725341797,102.31999969482422,98.69000244140625,99.1500015258789,99.1500015258789,715400
2018-12-19,99.76000213623047,100.44000244140625,97.6500015258789,98.08000183105469,98.08000183105469,503800
2018-12-20,98.5999984741211,99.18000030517578,96.52999877929688,96.75,96.75,859900
2018-12-21,96.41000366210938,100.88999938964844,96.0,96.08000183105469,96.08000183105469,1437300
2018-12-24,95.73999786376953,96.6500015258789,91.2300033569336,91.2300033569336,91.2300033569336,353600
2018-12-26,91.55000305175781,94.23999786376953,87.87000274658203,94.12000274658203,94.12000274658203,785200
2018-12-27,93.20999908447266,95.63999938964844,91.77999877929688,95.62000274658203,95.62000274658203,625800
2018-12-28,95.66999816894531,96.95999908447266,95.2300033569336,96.20999908447266,96.20999908447266,526400
2018-12-31,95.9800033569336,97.83000183105469,95.55000305175781,97.83000183105469,97.83000183105469,502100
2019-01-02,95.94000244140625,98.12000274658203,95.19999694824219,95.88999938964844,95.88999938964844,891700
2019-01-03,95.0,97.61000061035156,95.0,95.58999633789062,95.58999633789062,752500
2019-01-04,98.30000305175781,99.47000122070312,96.9800033569336,98.36000061035156,98.36000061035156,635400
2019-01-07,95.5,98.33999633789062,94.23999786376953,96.55000305175781,96.55000305175781,1043300
2019-01-08,97.30999755859375,97.94999694824219,92.1500015258789,93.5199966430664,93.5199966430664,1074600
2019-01-09,94.0999984741211,95.88999938964844,92.56999969482422,92.80000305175781,92.80000305175781,501800
2019-01-10,92.12000274658203,92.83999633789062,89.54000091552734,91.55000305175781,91.55000305175781,744400
2019-01-11,92.0,92.61000061035156,90.72000122070312,91.38999938964844,91.38999938964844,678000
2019-01-14,91.0,92.41000366210938,90.58999633789062,92.19999694824219,92.19999694824219,701200
2019-01-15,92.51000213623047,93.68000030517578,92.0999984741211,92.72000122070312,92.72000122070312,606900
2019-01-16,92.61000061035156,95.68000030517578,91.9800033569336,92.97000122070312,92.97000122070312,697800
2019-01-17,92.51000213623047,93.94000244140625,91.80000305175781,93.52999877929688,93.52999877929688,459100
2019-01-18,95.37999725341797,96.11000061035156,94.0,95.08999633789062,95.08999633789062,1073100
2019-01-22,95.2699966430664,97.70999908447266,95.2699966430664,97.26000213623047,97.26000213623047,890200
2019-01-23,97.2699966430664,98.37000274658203,96.54000091552734,98.20999908447266,98.20999908447266,793500
2019-01-24,98.0,98.4800033569336,95.98999786376953,96.08999633789062,96.08999633789062,604400
2019-01-25,96.97000122070312,96.97000122070312,95.12999725341797,96.02999877929688,96.02999877929688,743000
2019-01-28,95.69000244140625,97.0,95.2300033569336,96.7300033569336,96.7300033569336,458300
2019-01-29,96.54000091552734,96.91999816894531,94.75,95.54000091552734,95.54000091552734,688100
2019-01-30,95.05999755859375,95.98999786376953,92.93000030517578,93.5199966430664,93.5199966430664,718600
2019-01-31,93.55999755859375,93.55999755859375,91.62000274658203,93.2699966430664,93.2699966430664,859100
2019-02-01,92.9000015258789,94.16999816894531,92.80999755859375,94.05000305175781,94.05000305175781,478600
2019-02-04,94.05999755859375,94.5199966430664,92.1500015258789,93.70999908447266,93.70999908447266,553300
2019-02-05,94.04000091552734,95.20999908447266,92.87999725341797,95.0999984741211,95.0999984741211,788900
2019-02-06,95.20999908447266,96.38999938964844,94.0999984741211,95.04000091552734,95.04000091552734,765700
2019-02-07,94.54000091552734,95.06999969482422,93.05000305175781,95.0,95.0,888300
2019-02-08,94.9000015258789,97.0,92.19999694824219,94.6500015258789,94.6500015258789,1162200
2019-02-11,95.05000305175781,95.70999908447266,94.0,94.12000274658203,94.12000274658203,1030400
2019-02-12,94.29000091552734,95.87000274658203,93.94000244140625,94.0,94.0,710100
2019-02-13,94.04000091552734,96.12999725341797,93.8499984741211,95.0,95.0,634600
2019-02-14,95.33999633789062,95.4800033569336,92.45999908447266,92.63999938964844,92.63999938964844,742600
2019-02-15,93.86000061035156,93.94999694824219,92.4000015258789,93.54000091552734,93.54000091552734,727600
2019-02-19,94.01000213623047,95.54000091552734,93.27999877929688,94.16000366210938,94.16000366210938,975600
2019-02-20,93.73999786376953,95.26000213623047,93.25,95.1500015258789,95.1500015258789,720400
2019-02-21,95.31999969482422,96.30000305175781,94.25,94.83999633789062,94.83999633789062,1051200
2019-02-22,94.68000030517578,96.66999816894531,94.68000030517578,96.5999984741211,96.5999984741211,1091000
2019-02-25,99.0,99.43000030517578,95.38999938964844,95.4000015258789,95.4000015258789,1696000
2019-02-26,95.81999969482422,96.01000213623047,94.9000015258789,94.9000015258789,94.9000015258789,765400
2019-02-27,94.38999938964844,94.98999786376953,93.68000030517578,94.1500015258789,94.1500015258789,702900
2019-02-28,93.69999694824219,96.16000366210938,93.69999694824219,95.91000366210938,95.91000366210938,1086300
2019-03-01,96.1500015258789,97.4800033569336,95.44000244140625,96.19999694824219,96.19999694824219,784600
2019-03-04,96.19000244140625,97.5999984741211,95.62000274658203,97.54000091552734,97.54000091552734,853200
2019-03-05,98.0199966430664,98.36000061035156,96.43000030517578,96.91000366210938,96.91000366210938,913500
2019-03-06,96.5,96.91000366210938,94.54000091552734,94.80000305175781,94.80000305175781,721800
2019-03-07,94.95999908447266,95.2699966430664,92.30999755859375,92.7300033569336,92.7300033569336,1148500
2019-03-08,92.88999938964844,92.88999938964844,89.52999877929688,92.33000183105469,92.33000183105469,1294800
2019-03-11,93.16000366210938,94.9000015258789,92.26000213623047,94.5,94.5,855600
2019-03-12,94.76000213623047,95.87000274658203,94.54000091552734,95.66000366210938,95.66000366210938,767800
2019-03-13,95.94000244140625,96.37000274658203,94.52999877929688,95.83000183105469,95.83000183105469,936100
2019-03-14,95.97000122070312,96.08999633789062,94.48999786376953,95.2699966430664,95.2699966430664,670100
2019-03-15,95.58000183105469,98.0199966430664,94.43000030517578,97.05999755859375,97.05999755859375,1686500
2019-03-18,96.83000183105469,98.05999755859375,95.83000183105469,95.83000183105469,95.83000183105469,715100
2019-03-19,96.0,96.91999816894531,95.2699966430664,95.51000213623047,95.51000213623047,715200
2019-03-20,95.79000091552734,97.04000091552734,94.51000213623047,94.69000244140625,94.69000244140625,661100
2019-03-21,94.87999725341797,96.02999877929688,94.19999694824219,94.70999908447266,94.70999908447266,554900
2019-03-22,94.30999755859375,95.69999694824219,93.11000061035156,95.44000244140625,95.44000244140625,959200
2019-03-25,95.43000030517578,96.1500015258789,94.83999633789062,95.25,95.25,825100
2019-03-26,94.98999786376953,95.22000122070312,93.05999755859375,94.7699966430664,94.7699966430664,933700
2019-03-27,94.5199966430664,94.75,93.47000122070312,94.27999877929688,94.27999877929688,658200
2019-03-28,94.66000366210938,94.70999908447266,93.33999633789062,94.16000366210938,94.16000366210938,635000
2019-03-29,94.37999725341797,95.5,94.37999725341797,95.44000244140625,95.44000244140625,665100
2019-04-01,95.44999694824219,96.83000183105469,95.0,96.83000183105469,96.83000183105469,589200
2019-04-02,96.3499984741211,97.4800033569336,96.2699966430664,96.5,96.5,460600
2019-04-03,96.62000274658203,97.30000305175781,95.66999816894531,95.69999694824219,95.69999694824219,606000
2019-04-04,95.5199966430664,96.33000183105469,94.30000305175781,95.75,95.75,434800
2019-04-05,95.6500015258789,96.12000274658203,95.05000305175781,95.8499984741211,95.8499984741211,738900
2019-04-08,96.19000244140625,96.4800033569336,95.3499984741211,95.58999633789062,95.58999633789062,421400
2019-04-09,95.73999786376953,96.48999786376953,94.58000183105469,94.91000366210938,94.91000366210938,480400
2019-04-10,94.63999938964844,96.33000183105469,94.02999877929688,96.13999938964844,96.13999938964844,898200
2019-04-11,96.38999938964844,96.63999938964844,95.3499984741211,95.91000366210938,95.91000366210938,572500
2019-04-12,96.01000213623047,97.54000091552734,95.9800033569336,96.1500015258789,96.1500015258789,436600
2019-04-15,96.55000305175781,98.33999633789062,96.23999786376953,97.69000244140625,97.69000244140625,479100
2019-04-16,97.52999877929688,99.29000091552734,97.52999877929688,98.93000030517578,98.93000030517578,466700
2019-04-17,98.08000183105469,101.16999816894531,98.08000183105469,100.80000305175781,100.80000305175781,643400
2019-04-18,101.1500015258789,101.68000030517578,100.30999755859375,101.26000213623047,101.26000213623047,645800
2019-04-22,100.97000122070312,101.36000061035156,100.12000274658203,101.06999969482422,101.06999969482422,488600
2019-04-23,101.66000366210938,102.0,100.69000244140625,101.12000274658203,101.12000274658203,514200
2019-04-24,100.80000305175781,101.62000274658203,100.80000305175781,101.3499984741211,101.3499984741211,601500
2019-04-25,100.72000122070312,101.91000366210938,100.48999786376953,101.73999786376953,101.73999786376953,387600
2019-04-26,101.3499984741211,102.4800033569336,100.95999908447266,101.55000305175781,101.55000305175781,334800
2019-04-29,101.20999908447266,102.18000030517578,100.6500015258789,101.0,101.0,412800
2019-04-30,101.43000030517578,101.8499984741211,100.87000274658203,101.61000061035156,101.61000061035156,777200
2019-05-01,101.2300033569336,102.0,100.7699966430664,101.04000091552734,101.04000091552734,511400
2019-05-02,100.63999938964844,100.91000366210938,99.80999755859375,99.9000015258789,99.9000015258789,1008900
2019-05-03,100.79000091552734,102.31999969482422,100.45999908447266,100.9800033569336,100.9800033569336,708100
2019-05-06,100.19999694824219,103.91000366210938,100.0,103.06999969482422,103.06999969482422,704500
2019-05-07,102.97000122070312,103.94000244140625,101.37999725341797,101.77999877929688,101.77999877929688,975300
2019-05-08,101.55999755859375,103.0,101.52999877929688,102.62999725341797,102.62999725341797,1347000
2019-05-09,101.88999938964844,104.47000122070312,101.88999938964844,103.5999984741211,103.5999984741211,999800
2019-05-10,103.38999938964844,104.13999938964844,102.22000122070312,103.41999816894531,103.41999816894531,724100
2019-05-13,102.02999877929688,103.44000244140625,102.02999877929688,103.13999938964844,103.13999938964844,596600
2019-05-14,103.0,105.62000274658203,103.0,105.06999969482422,105.06999969482422,849600
2019-05-15,104.5199966430664,104.94999694824219,102.98999786376953,103.87999725341797,103.87999725341797,657000
2019-05-16,103.77999877929688,105.4000015258789,103.77999877929688,105.25,105.25,633000
2019-05-17,104.30000305175781,106.56999969482422,104.30000305175781,105.79000091552734,105.79000091552734,580000
2019-05-20,106.25,107.8499984741211,106.19000244140625,107.63999938964844,107.63999938964844,477500
2019-05-21,107.25,108.0,106.0,107.33999633789062,107.33999633789062,654500
2019-05-22,106.70999908447266,107.9000015258789,106.05999755859375,107.79000091552734,107.79000091552734,399800
2019-05-23,107.79000091552734,108.54000091552734,105.94000244140625,106.20999908447266,106.20999908447266,697900
2019-05-24,106.08000183105469,107.38999938964844,105.05999755859375,106.94999694824219,106.94999694824219,372400
2019-05-28,106.94999694824219,107.86000061035156,105.5,105.5,105.5,953000
2019-05-29,104.93000030517578,107.66999816894531,103.08999633789062,107.2699966430664,107.2699966430664,907100
2019-05-30,108.2699966430664,108.69999694824219,104.52999877929688,106.5999984741211,106.5999984741211,839400
2019-05-31,106.63999938964844,109.66999816894531,105.91000366210938,108.54000091552734,108.54000091552734,1213900
2019-06-03,108.25,109.69999694824219,107.52999877929688,109.13999938964844,109.13999938964844,966600
2019-06-04,109.5,110.30000305175781,108.0999984741211,109.94000244140625,109.94000244140625,699000
2019-06-05,110.05999755859375,111.79000091552734,109.75,110.91999816894531,110.91999816894531,709500
2019-06-06,112.25,112.33999633789062,110.91999816894531,111.06999969482422,111.06999969482422,680600
2019-06-07,112.01000213623047,112.01000213623047,110.12000274658203,111.30999755859375,111.30999755859375,452200
2019-06-10,111.04000091552734,112.91000366210938,110.52999877929688,111.12999725341797,111.12999725341797,470500
2019-06-11,111.04000091552734,111.04000091552734,106.02999877929688,108.02999877929688,108.02999877929688,960000
2019-06-12,107.56999969482422,108.79000091552734,105.83000183105469,107.69999694824219,107.69999694824219,617000
2019-06-13,107.70999908447266,107.70999908447266,105.12999725341797,107.26000213623047,107.26000213623047,530600
2019-06-14,107.80000305175781,108.80000305175781,106.25,107.73999786376953,107.73999786376953,384900
2019-06-17,107.4000015258789,108.19000244140625,106.05999755859375,106.69999694824219,106.69999694824219,374400
2019-06-18,106.29000091552734,107.19000244140625,105.37999725341797,106.33999633789062,106.33999633789062,841500
2019-06-19,107.19000244140625,107.19000244140625,105.30000305175781,106.23999786376953,106.23999786376953,834100
2019-06-20,106.19000244140625,107.13999938964844,105.0999984741211,107.08000183105469,107.08000183105469,508700
2019-06-21,107.36000061035156,108.13999938964844,106.44000244140625,106.44000244140625,106.44000244140625,634100
2019-06-24,106.22000122070312,108.08000183105469,106.22000122070312,107.3499984741211,107.3499984741211,620600
2019-06-25,107.62000274658203,108.36000061035156,106.45999908447266,107.5,107.5,790200
2019-06-26,107.18000030517578,107.80000305175781,105.8499984741211,105.8499984741211,105.8499984741211,573600
2019-06-27,105.83999633789062,107.5999984741211,105.19000244140625,106.05999755859375,106.05999755859375,488300
2019-06-28,106.5199966430664,107.45999908447266,103.45999908447266,103.62999725341797,103.62999725341797,2443700
2019-07-01,104.68000030517578,106.73999786376953,104.25,106.69999694824219,106.69999694824219,672000
2019-07-02,106.69999694824219,108.56999969482422,104.8499984741211,108.47000122070312,108.47000122070312,699300
2019-07-03,108.4800033569336,110.20999908447266,108.08999633789062,110.0,110.0,390500
2019-07-05,109.97000122070312,111.0,109.6500015258789,110.4000015258789,110.4000015258789,326700
2019-07-08,109.93000030517578,111.06999969482422,108.75,110.62000274658203,110.62000274658203,624200
2019-07-09,109.51000213623047,111.47000122070312,108.83000183105469,110.9800033569336,110.9800033569336,534300
2019-07-10,111.69000244140625,112.0999984741211,110.62999725341797,111.69999694824219,111.69999694824219,487000
2019-07-11,112.06999969482422,114.12999725341797,111.5,113.0,113.0,528000
2019-07-12,112.87999725341797,114.29000091552734,111.5999984741211,114.05999755859375,114.05999755859375,481400
2019-07-15,113.95999908447266,114.54000091552734,112.22000122070312,114.06999969482422,114.06999969482422,566100
2019-07-16,114.44000244140625,114.7300033569336,113.4800033569336,114.08000183105469,114.08000183105469,351800
2019-07-17,113.55000305175781,114.38999938964844,113.45999908447266,114.19999694824219,114.19999694824219,472500
2019-07-18,114.3499984741211,115.0,113.55999755859375,114.52999877929688,114.52999877929688,439900
2019-07-19,115.18000030517578,115.41999816894531,113.73999786376953,114.91000366210938,114.91000366210938,469800
2019-07-22,114.4800033569336,115.91999816894531,112.5,114.5199966430664,114.5199966430664,346500
2019-07-23,114.69000244140625,115.08000183105469,114.22000122070312,114.7699966430664,114.7699966430664,315000
2019-07-24,114.83999633789062,115.48999786376953,109.80000305175781,111.6500015258789,111.6500015258789,920900
2019-07-25,113.8499984741211,113.8499984741211,110.45999908447266,111.20999908447266,111.20999908447266,563300
2019-07-26,111.69999694824219,112.13999938964844,110.22000122070312,111.1500015258789,111.1500015258789,489500
2019-07-29,110.55999755859375,111.51000213623047,110.0999984741211,110.44999694824219,110.44999694824219,391300
2019-07-30,110.44000244140625,111.5,109.70999908447266,110.55999755859375,110.55999755859375,598100
2019-07-31,111.16999816894531,111.45999908447266,109.22000122070312,109.30999755859375,109.30999755859375,486000
2019-08-01,109.11000061035156,115.06999969482422,108.0999984741211,115.06999969482422,115.06999969482422,1055400
2019-08-02,116.06999969482422,117.3499984741211,114.51000213623047,116.4800033569336,116.4800033569336,791600
2019-08-05,117.06999969482422,119.4000015258789,114.47000122070312,114.7699966430664,114.7699966430664,808700
2019-08-06,115.75,118.4800033569336,113.12000274658203,118.4800033569336,118.4800033569336,752200
2019-08-07,119.0,119.2699966430664,115.87999725341797,118.01000213623047,118.01000213623047,633600
2019-08-08,117.8499984741211,119.0,116.9800033569336,118.86000061035156,118.86000061035156,561900
2019-08-09,119.06999969482422,120.08000183105469,118.08000183105469,119.01000213623047,119.01000213623047,719000
2019-08-12,119.01000213623047,121.2300033569336,118.41999816894531,119.37999725341797,119.37999725341797,616300
2019-08-13,120.63999938964844,121.87000274658203,118.44000244140625,120.72000122070312,120.72000122070312,708000
2019-08-14,120.12999725341797,122.37999725341797,119.20999908447266,119.41000366210938,119.41000366210938,622800
2019-08-15,119.30999755859375,122.0199966430664,119.30999755859375,121.87000274658203,121.87000274658203,629000
2019-08-16,122.12000274658203,122.87999725341797,120.0,121.37000274658203,121.37000274658203,1837700
2019-08-19,121.51000213623047,121.87999725341797,119.30000305175781,120.33000183105469,120.33000183105469,649900
2019-08-20,119.47000122070312,121.26000213623047,118.51000213623047,119.44999694824219,119.44999694824219,585800
2019-08-21,120.25,120.25,117.75,119.16999816894531,119.16999816894531,552000
2019-08-22,119.68000030517578,120.94999694824219,119.20999908447266,119.88999938964844,119.88999938964844,375000
2019-08-23,120.52999877929688,121.9000015258789,119.0199966430664,119.8499984741211,119.8499984741211,631900
2019-08-26,119.94999694824219,121.55000305175781,119.43000030517578,120.69999694824219,120.69999694824219,358100
2019-08-27,120.69999694824219,120.69999694824219,117.87000274658203,120.05999755859375,120.05999755859375,433500
2019-08-28,119.80000305175781,120.73999786376953,118.44000244140625,119.95999908447266,119.95999908447266,278400
2019-08-29,120.0,120.0,117.88999938964844,118.94000244140625,118.94000244140625,360100
2019-08-30,120.06999969482422,120.87999725341797,118.18000030517578,119.16000366210938,119.16000366210938,550400
2019-09-03,117.12000274658203,119.88999938964844,117.12000274658203,119.08999633789062,119.08999633789062,531600
2019-09-04,119.81999969482422,120.16999816894531,118.93000030517578,119.18000030517578,119.18000030517578,649900
2019-09-05,120.27999877929688,120.27999877929688,118.58000183105469,119.20999908447266,119.20999908447266,486500
2019-09-06,120.3499984741211,120.3499984741211,118.55000305175781,118.69999694824219,118.69999694824219,667300
2019-09-09,119.88999938964844,119.88999938964844,118.38999938964844,118.69999694824219,118.69999694824219,698400
2019-09-10,119.16999816894531,119.16999816894531,114.6500015258789,115.2300033569336,115.2300033569336,894000
2019-09-11,115.44999694824219,116.26000213623047,113.73999786376953,114.98999786376953,114.98999786376953,779000
2019-09-12,115.79000091552734,116.44999694824219,114.54000091552734,115.05999755859375,115.05999755859375,409400
2019-09-13,114.0999984741211,114.25,109.19999694824219,111.05999755859375,111.05999755859375,1346500
2019-09-16,111.72000122070312,113.02999877929688,110.16000366210938,111.0,111.0,668200
2019-09-17,111.5999984741211,114.61000061035156,110.91999816894531,113.4800033569336,113.4800033569336,754500
2019-09-18,114.5,117.19000244140625,114.01000213623047,115.66000366210938,115.66000366210938,992200
2019-09-19,114.55999755859375,117.37999725341797,114.55999755859375,116.44000244140625,116.44000244140625,729600
2019-09-20,118.05000305175781,118.05000305175781,115.37999725341797,115.55999755859375,115.55999755859375,1247400
2019-09-23,114.81999969482422,117.22000122070312,114.05999755859375,115.91999816894531,115.91999816894531,553700
2019-09-24,116.47000122070312,118.6500015258789,116.44999694824219,118.2300033569336,118.2300033569336,751700
2019-09-25,118.41000366210938,118.41000366210938,115.9800033569336,117.93000030517578,117.93000030517578,514500
2019-09-26,117.87999725341797,118.06999969482422,116.2699966430664,117.7699966430664,117.7699966430664,444400
2019-09-27,117.5199966430664,118.23999786376953,114.27999877929688,115.44000244140625,115.44000244140625,607100
2019-09-30,115.18000030517578,116.55000305175781,114.61000061035156,114.91000366210938,114.91000366210938,664800
2019-10-01,115.27999877929688,116.54000091552734,114.1500015258789,115.58000183105469,115.58000183105469,510400
2019-10-02,115.18000030517578,116.2699966430664,112.72000122070312,112.80000305175781,112.80000305175781,978600
2019-10-03,112.80000305175781,116.38999938964844,112.80000305175781,116.16000366210938,116.16000366210938,691700
2019-10-04,115.7699966430664,117.94999694824219,115.5,116.27999877929688,116.27999877929688,681200
2019-10-07,115.41000366210938,118.44999694824219,115.41000366210938,118.25,118.25,620700
2019-10-08,117.04000091552734,118.25,114.52999877929688,116.4800033569336,116.4800033569336,542200
2019-10-09,117.29000091552734,117.87000274658203,116.4800033569336,117.1500015258789,117.1500015258789,463600
2019-10-10,116.2699966430664,118.37000274658203,116.2699966430664,117.08000183105469,117.08000183105469,492600
2019-10-11,117.97000122070312,117.97000122070312,114.58000183105469,115.5999984741211,115.5999984741211,689700
2019-10-14,115.62999725341797,117.31999969482422,115.0999984741211,115.18000030517578,115.18000030517578,323400
2019-10-15,115.02999877929688,116.75,115.02999877929688,115.05000305175781,115.05000305175781,457300
2019-10-16,115.2300033569336,115.91999816894531,114.16000366210938,115.4800033569336,115.4800033569336,633100
2019-10-17,115.44000244140625,117.3499984741211,114.83999633789062,116.44999694824219,116.44999694824219,316100
2019-10-18,115.75,117.22000122070312,115.75,116.7699966430664,116.7699966430664,317800
2019-10-21,117.55999755859375,117.55999755859375,115.01000213623047,115.2699966430664,115.2699966430664,505100
2019-10-22,115.97000122070312,116.95999908447266,114.62999725341797,114.68000030517578,114.68000030517578,317600
2019-10-23,114.0,114.94999694824219,113.38999938964844,114.02999877929688,114.02999877929688,454700
2019-10-24,114.68000030517578,116.33000183105469,113.87000274658203,115.69999694824219,115.69999694824219,261700
2019-10-25,116.0,116.18000030517578,113.73999786376953,114.0999984741211,114.0999984741211,374700
2019-10-28,114.55000305175781,114.66000366210938,112.19000244140625,113.22000122070312,113.22000122070312,596900
2019-10-29,113.54000091552734,115.01000213623047,113.2300033569336,113.83999633789062,113.83999633789062,707500
2019-10-30,113.62999725341797,116.97000122070312,113.23999786376953,116.63999938964844,116.63999938964844,575200
2019-10-31,117.2699966430664,117.83999633789062,114.81999969482422,115.1500015258789,115.1500015258789,882300
2019-11-01,119.47000122070312,119.47000122070312,112.44999694824219,114.8499984741211,114.8499984741211,951300
2019-11-04,115.25,115.83999633789062,112.58000183105469,113.5199966430664,113.5199966430664,517900
2019-11-05,113.25,115.26000213623047,112.75,115.26000213623047,115.26000213623047,638200
2019-11-06,114.7699966430664,115.41000366210938,114.16999816894531,114.44999694824219,114.44999694824219,707700
2019-11-07,114.66000366210938,115.4800033569336,113.62000274658203,115.4000015258789,115.4000015258789,771100
2019-11-08,115.86000061035156,115.86000061035156,114.12000274658203,114.87999725341797,114.87999725341797,451700
2019-11-11,114.97000122070312,116.41000366210938,114.48999786376953,115.0999984741211,115.0999984741211,411900
2019-11-12,115.01000213623047,116.30999755859375,114.02999877929688,115.87999725341797,115.87999725341797,428000
2019-11-13,116.27999877929688,117.51000213623047,115.87000274658203,117.4000015258789,117.4000015258789,477500
2019-11-14,117.87999725341797,117.87999725341797,116.70999908447266,117.5199966430664,117.5199966430664,548100
2019-11-15,118.45999908447266,119.63999938964844,118.0999984741211,119.48999786376953,119.48999786376953,715300
2019-11-18,120.0,121.20999908447266,119.69999694824219,120.47000122070312,120.47000122070312,716400
2019-11-19,122.0,122.5999984741211,120.36000061035156,122.5,122.5,712200
2019-11-20,121.29000091552734,123.62999725341797,121.29000091552734,123.31999969482422,123.31999969482422,793100
2019-11-21,123.41999816894531,123.98999786376953,122.55000305175781,123.1500015258789,123.1500015258789,680300
2019-11-22,122.55999755859375,124.31999969482422,122.55999755859375,123.7699966430664,123.7699966430664,757700
2019-11-25,124.47000122070312,124.87999725341797,122.81999969482422,123.76000213623047,123.76000213623047,728200
2019-11-26,123.62000274658203,123.8499984741211,118.19999694824219,119.5199966430664,119.5199966430664,3249300
2019-11-27,119.55999755859375,119.55999755859375,116.62000274658203,118.44000244140625,118.44000244140625,670700
2019-11-29,118.02999877929688,120.41999816894531,116.01000213623047,118.9000015258789,118.9000015258789,420400
2019-12-02,118.04000091552734,119.5999984741211,117.1500015258789,119.27999877929688,119.27999877929688,607700
2019-12-03,119.37999725341797,120.58999633789062,118.72000122070312,120.06999969482422,120.06999969482422,717500
2019-12-04,119.36000061035156,120.95999908447266,119.36000061035156,120.23999786376953,120.23999786376953,494400
2019-12-05,120.66999816894531,121.38999938964844,119.33999633789062,119.87000274658203,119.87000274658203,543700
2019-12-06,120.58999633789062,121.0,119.33000183105469,120.58999633789062,120.58999633789062,442400
2019-12-09,119.9800033569336,121.8499984741211,118.94000244140625,119.66000366210938,119.66000366210938,491100
2019-12-10,118.93000030517578,119.73999786376953,115.66000366210938,115.66000366210938,115.66000366210938,758400
2019-12-11,115.5,116.12000274658203,114.6500015258789,115.69999694824219,115.69999694824219,514500
2019-12-12,115.2699966430664,116.04000091552734,114.19999694824219,115.41999816894531,115.41999816894531,742100
2019-12-13,116.05000305175781,116.31999969482422,114.13999938964844,115.5,115.5,482800
2019-12-16,115.2699966430664,117.1500015258789,114.66000366210938,117.08999633789062,117.08999633789062,834300
2019-12-17,117.48999786376953,117.88999938964844,115.9000015258789,116.70999908447266,116.70999908447266,1073100
2019-12-18,116.58000183105469,116.75,115.5199966430664,116.43000030517578,116.43000030517578,668400
2019-12-19,116.47000122070312,117.83000183105469,115.6500015258789,117.55999755859375,117.55999755859375,676600
2019-12-20,121.5,121.5,117.8499984741211,119.0199966430664,119.0199966430664,1327300
2019-12-23,118.79000091552734,119.52999877929688,117.31999969482422,118.30000305175781,118.30000305175781,573600
2019-12-24,118.16000366210938,118.98999786376953,117.51000213623047,118.97000122070312,118.97000122070312,316400
2019-12-26,119.0,119.05000305175781,118.31999969482422,119.05000305175781,119.05000305175781,286300
2019-12-27,119.08999633789062,119.5,118.6500015258789,118.83999633789062,118.83999633789062,377300
2019-12-30,119.06999969482422,119.26000213623047,117.5199966430664,119.25,119.25,423900
2019-12-31,118.58999633789062,120.0,118.41999816894531,120.0,120.0,384600
2020-01-02,119.69999694824219,120.18000030517578,118.27999877929688,119.5199966430664,119.5199966430664,460700
2020-01-03,119.02999877929688,122.12000274658203,119.02999877929688,121.33000183105469,121.33000183105469,599700
2020-01-06,120.48999786376953,120.9800033569336,119.29000091552734,120.19000244140625,120.19000244140625,603900
2020-01-07,119.98999786376953,119.98999786376953,118.06999969482422,118.22000122070312,118.22000122070312,514800
2020-01-08,117.75,118.55000305175781,115.70999908447266,117.01000213623047,117.01000213623047,1039300
2020-01-09,117.30999755859375,117.37999725341797,115.87999725341797,116.01000213623047,116.01000213623047,789300
2020-01-10,116.5999984741211,116.5999984741211,115.80999755859375,115.8499984741211,115.8499984741211,917400
2020-01-13,115.7699966430664,115.7699966430664,114.44999694824219,115.08999633789062,115.08999633789062,704500
2020-01-14,114.98999786376953,116.22000122070312,114.68000030517578,115.48999786376953,115.48999786376953,723300
2020-01-15,115.73999786376953,116.97000122070312,114.97000122070312,116.87000274658203,116.87000274658203,829400
2020-01-16,116.76000213623047,117.7300033569336,116.2699966430664,117.52999877929688,117.52999877929688,510400
2020-01-17,117.33000183105469,117.76000213623047,116.0199966430664,116.52999877929688,116.52999877929688,661600
2020-01-21,116.4000015258789,117.80000305175781,116.27999877929688,117.38999938964844,117.38999938964844,662300
2020-01-22,119.48999786376953,119.97000122070312,117.88999938964844,118.72000122070312,118.72000122070312,607300
2020-01-23,118.38999938964844,119.9800033569336,117.80999755859375,119.62000274658203,119.62000274658203,420100
2020-01-24,120.0,120.29000091552734,118.87000274658203,119.80999755859375,119.80999755859375,410900
2020-01-27,119.25,121.61000061035156,119.05000305175781,119.7300033569336,119.7300033569336,671200
2020-01-28,120.0999984741211,122.18000030517578,119.94000244140625,121.19999694824219,121.19999694824219,644000
2020-01-29,120.94999694824219,122.72000122070312,120.37999725341797,121.5,121.5,386700
2020-01-30,121.19999694824219,123.30000305175781,121.16999816894531,123.18000030517578,123.18000030517578,410200
2020-01-31,122.47000122070312,124.19000244140625,122.26000213623047,123.22000122070312,123.22000122070312,540000
2020-02-03,124.0,124.75,122.08000183105469,123.86000061035156,123.86000061035156,530300
2020-02-04,123.01000213623047,124.83999633789062,122.13999938964844,122.47000122070312,122.47000122070312,831500
2020-02-05,122.94999694824219,124.18000030517578,122.44000244140625,123.7699966430664,123.7699966430664,1134200
2020-02-06,123.94999694824219,127.93000030517578,122.75,127.93000030517578,127.93000030517578,991500
2020-02-07,125.0,127.25,122.0,122.54000091552734,122.54000091552734,860500
2020-02-10,122.01000213623047,123.80999755859375,121.31999969482422,123.69000244140625,123.69000244140625,526200
2020-02-11,123.38999938964844,124.6500015258789,122.58000183105469,123.30999755859375,123.30999755859375,422100
2020-02-12,122.93000030517578,123.8499984741211,121.77999877929688,123.52999877929688,123.52999877929688,356300
2020-02-13,122.86000061035156,124.30000305175781,122.5199966430664,124.2699966430664,124.2699966430664,331500
2020-02-14,124.4000015258789,125.79000091552734,123.62999725341797,125.62999725341797,125.62999725341797,371900
2020-02-18,123.0,125.45999908447266,121.69000244140625,123.54000091552734,123.54000091552734,823200
2020-02-19,124.16999816894531,124.81999969482422,120.13999938964844,120.44000244140625,120.44000244140625,577800
2020-02-20,120.05999755859375,122.83000183105469,119.87999725341797,122.83000183105469,122.83000183105469,646800
2020-02-21,122.20999908447266,124.55000305175781,120.45999908447266,122.61000061035156,122.61000061035156,2379500
2020-02-24,120.68000030517578,124.2699966430664,119.94000244140625,121.98999786376953,121.98999786376953,827700
2020-02-25,122.58999633789062,122.5999984741211,120.1500015258789,122.0999984741211,122.0999984741211,703600
2020-02-26,123.93000030517578,125.16999816894531,122.33000183105469,123.80999755859375,123.80999755859375,860800
2020-02-27,120.3499984741211,126.16999816894531,119.66000366210938,121.2300033569336,121.2300033569336,1424100
2020-02-28,122.73999786376953,122.73999786376953,111.86000061035156,114.0,114.0,1920100
2020-03-02,112.41999816894531,118.18000030517578,112.41999816894531,118.18000030517578,118.18000030517578,1232900
2020-03-03,117.98999786376953,119.44000244140625,116.1500015258789,117.20999908447266,117.20999908447266,1188800
2020-03-04,117.5199966430664,119.72000122070312,115.0,118.58999633789062,118.58999633789062,1312000
2020-03-05,115.91999816894531,121.08999633789062,115.70999908447266,115.94999694824219,115.94999694824219,1588800
2020-03-06,115.0,119.0999984741211,114.08000183105469,116.7699966430664,116.7699966430664,1401400
2020-03-09,112.04000091552734,116.75,110.12999725341797,111.7699966430664,111.7699966430664,1378000
2020-03-10,111.80999755859375,114.45999908447266,108.8499984741211,110.9000015258789,110.9000015258789,1400700
2020-03-11,112.0,112.0,105.51000213623047,106.3499984741211,106.3499984741211,1358100
2020-03-12,98.97000122070312,102.0,90.22000122070312,93.47000122070312,93.47000122070312,1855200
2020-03-13,95.38999938964844,99.58000183105469,91.30999755859375,94.80000305175781,94.80000305175781,1711500
2020-03-16,92.0,92.0,82.01000213623047,82.69999694824219,82.69999694824219,1597000
2020-03-17,84.47000122070312,91.5999984741211,80.68000030517578,88.54000091552734,88.54000091552734,1903700
2020-03-18,86.56999969482422,86.9800033569336,74.12000274658203,75.8499984741211,75.8499984741211,1853900
2020-03-19,75.9000015258789,89.94000244140625,72.01000213623047,82.91000366210938,82.91000366210938,1671000
2020-03-20,83.25,84.11000061035156,78.58999633789062,79.69000244140625,79.69000244140625,1760600
2020-03-23,80.19999694824219,80.44000244140625,73.12999725341797,76.54000091552734,76.54000091552734,1481300
2020-03-24,78.76000213623047,81.55999755859375,75.11000061035156,78.1500015258789,78.1500015258789,1911400
2020-03-25,77.80999755859375,83.54000091552734,76.81999969482422,80.0,80.0,1226900
2020-03-26,79.05999755859375,91.01000213623047,78.94000244140625,90.81999969482422,90.81999969482422,1406300
2020-03-27,87.12000274658203,94.88999938964844,87.01000213623047,90.88999938964844,90.88999938964844,1236800
2020-03-30,92.1500015258789,95.41000366210938,88.81999969482422,93.02999877929688,93.02999877929688,786000
2020-03-31,90.80999755859375,94.0,87.79000091552734,89.25,89.25,1017600
2020-04-01,86.4000015258789,90.22000122070312,84.91999816894531,88.18000030517578,88.18000030517578,999700
2020-04-02,85.73999786376953,92.87999725341797,85.73999786376953,92.37000274658203,92.37000274658203,1029600
2020-04-03,93.43000030517578,93.43000030517578,89.30000305175781,89.62000274658203,89.62000274658203,1175000
2020-04-06,94.0999984741211,97.2300033569336,90.22000122070312,94.88999938964844,94.88999938964844,972400
2020-04-07,97.33999633789062,97.33999633789062,91.0,93.5,93.5,1381300
2020-04-08,94.06999969482422,95.69999694824219,92.0999984741211,95.69999694824219,95.69999694824219,790800
2020-04-09,95.91000366210938,96.6500015258789,92.73999786376953,93.41999816894531,93.41999816894531,1498300
2020-04-13,92.83999633789062,94.5199966430664,91.41999816894531,93.30999755859375,93.30999755859375,2301000
2020-04-14,94.51000213623047,100.56999969482422,94.51000213623047,100.51000213623047,100.51000213623047,1581900
2020-04-15,98.29000091552734,101.2699966430664,97.55999755859375,98.08999633789062,98.08999633789062,1107800
2020-04-16,98.04000091552734,99.5,97.68000030517578,97.94000244140625,97.94000244140625,1121400
2020-04-17,98.22000122070312,102.23999786376953,98.22000122070312,102.0,102.0,1107600
2020-04-20,101.80999755859375,104.38999938964844,100.37000274658203,102.95999908447266,102.95999908447266,1102500
2020-04-21,101.30999755859375,102.5,100.12999725341797,100.38999938964844,100.38999938964844,1282600
2020-04-22,100.72000122070312,102.55000305175781,99.41999816894531,100.19999694824219,100.19999694824219,827300
2020-04-23,99.19999694824219,100.1500015258789,97.41999816894531,99.05000305175781,99.05000305175781,966700
2020-04-24,99.87999725341797,100.7699966430664,96.37000274658203,96.5199966430664,96.5199966430664,721700
2020-04-27,98.05999755859375,98.44000244140625,97.05999755859375,97.13999938964844,97.13999938964844,643600
2020-04-28,98.76000213623047,98.9800033569336,96.5,98.5,98.5,821000
2020-04-29,99.08000183105469,100.69999694824219,98.93000030517578,99.31999969482422,99.31999969482422,644300
2020-04-30,99.30999755859375,99.37999725341797,96.43000030517578,99.37999725341797,99.37999725341797,546700
2020-05-01,98.98999786376953,99.7300033569336,93.33999633789062,94.01000213623047,94.01000213623047,958600
2020-05-04,92.02999877929688,94.94999694824219,92.02999877929688,94.44999694824219,94.44999694824219,1532700
2020-05-05,94.61000061035156,99.73999786376953,93.80000305175781,98.94000244140625,98.94000244140625,635200
2020-05-06,100.58000183105469,100.62999725341797,97.3499984741211,97.4800033569336,97.4800033569336,896000
2020-05-07,98.62000274658203,100.9000015258789,98.31999969482422,99.45999908447266,99.45999908447266,678400
2020-05-08,100.44000244140625,102.27999877929688,98.83000183105469,100.18000030517578,100.18000030517578,499400
2020-05-11,99.95999908447266,101.0,99.01000213623047,99.87999725341797,99.87999725341797,897200
2020-05-12,99.88999938964844,101.54000091552734,97.79000091552734,97.9000015258789,97.9000015258789,576000
2020-05-13,98.08000183105469,99.9000015258789,96.54000091552734,98.05999755859375,98.05999755859375,965000
2020-05-14,97.63999938964844,99.55000305175781,95.8499984741211,99.33999633789062,99.33999633789062,431800
2020-05-15,97.66999816894531,100.45999908447266,97.29000091552734,99.87999725341797,99.87999725341797,621600
2020-05-18,101.6500015258789,104.25,101.05000305175781,102.76000213623047,102.76000213623047,425200
2020-05-19,101.30999755859375,103.0,98.93000030517578,98.94000244140625,98.94000244140625,629400
2020-05-20,99.20999908447266,101.55000305175781,99.20999908447266,100.48999786376953,100.48999786376953,374400
2020-05-21,99.91999816894531,101.94999694824219,95.76000213623047,97.9800033569336,97.9800033569336,811000
2020-05-22,97.94000244140625,99.58999633789062,96.5,99.30999755859375,99.30999755859375,423600
2020-05-26,100.72000122070312,102.5,100.44000244140625,101.41999816894531,101.41999816894531,564700
2020-05-27,103.05000305175781,103.33000183105469,101.12000274658203,102.66000366210938,102.66000366210938,840900
2020-05-28,103.0,103.3499984741211,102.05000305175781,102.62999725341797,102.62999725341797,610700
2020-05-29,102.73999786376953,106.45999908447266,102.55000305175781,106.45999908447266,106.45999908447266,927300
2020-06-01,106.61000061035156,107.12000274658203,103.9000015258789,105.08000183105469,105.08000183105469,534200
2020-06-02,105.0,105.0,101.9000015258789,102.68000030517578,102.68000030517578,525200
2020-06-03,103.33000183105469,104.75,102.0199966430664,104.0,104.0,906600
2020-06-04,104.0,104.0,100.66000366210938,101.02999877929688,101.02999877929688,626700
2020-06-05,102.1500015258789,102.48999786376953,97.69999694824219,97.83999633789062,97.83999633789062,2020000
2020-06-08,98.0,103.5999984741211,98.0,103.43000030517578,103.43000030517578,1170900
2020-06-09,103.01000213623047,103.18000030517578,101.04000091552734,103.05000305175781,103.05000305175781,584400
2020-06-10,103.58999633789062,103.80000305175781,99.66999816894531,101.37000274658203,101.37000274658203,1089900
2020-06-11,101.27999877929688,101.36000061035156,96.66999816894531,97.0,97.0,1271600
2020-06-12,99.0,99.91000366210938,97.29000091552734,99.9000015258789,99.9000015258789,865100
2020-06-15,98.26000213623047,101.55000305175781,97.26000213623047,101.0999984741211,101.0999984741211,569600
2020-06-16,102.81999969482422,103.27999877929688,100.16000366210938,101.44999694824219,101.44999694824219,598000
2020-06-17,102.31999969482422,102.87000274658203,99.91000366210938,101.04000091552734,101.04000091552734,583900
2020-06-18,100.31999969482422,102.2699966430664,99.94999694824219,100.25,100.25,395500
2020-06-19,102.4800033569336,102.48999786376953,98.69999694824219,98.75,98.75,873800
2020-06-22,98.62000274658203,100.29000091552734,98.0999984741211,100.05000305175781,100.05000305175781,583800
2020-06-23,97.9000015258789,98.51000213623047,95.68000030517578,95.76000213623047,95.76000213623047,1040300
2020-06-24,94.77999877929688,96.23999786376953,93.6500015258789,93.76000213623047,93.76000213623047,889800
2020-06-25,93.81999969482422,95.23999786376953,93.0199966430664,95.08999633789062,95.08999633789062,770500
2020-06-26,94.0199966430664,94.12999725341797,91.25,91.51000213623047,91.51000213623047,1363000
2020-06-29,92.80999755859375,93.9000015258789,91.26000213623047,92.80999755859375,92.80999755859375,862300
2020-06-30,91.95999908447266,93.37999725341797,90.86000061035156,93.27999877929688,93.27999877929688,1048400
2020-07-01,93.44999694824219,97.38999938964844,93.08999633789062,96.45999908447266,96.45999908447266,1077900
2020-07-02,97.79000091552734,97.79000091552734,94.22000122070312,95.08999633789062,95.08999633789062,658100
2020-07-06,96.48999786376953,96.62000274658203,94.83999633789062,95.0,95.0,540900
2020-07-07,93.12000274658203,94.4800033569336,92.58999633789062,93.70999908447266,93.70999908447266,590800
2020-07-08,93.36000061035156,93.81999969482422,92.29000091552734,93.01000213623047,93.01000213623047,779000
2020-07-09,92.9800033569336,93.08000183105469,89.66999816894531,90.19000244140625,90.19000244140625,1097600
2020-07-10,90.3499984741211,91.83999633789062,90.12000274658203,91.55000305175781,91.55000305175781,828800
2020-07-13,92.48999786376953,93.77999877929688,91.02999877929688,91.48999786376953,91.48999786376953,507300
2020-07-14,91.76000213623047,92.0999984741211,89.9800033569336,90.61000061035156,90.61000061035156,706000
2020-07-15,91.87999725341797,94.12999725341797,91.33000183105469,94.04000091552734,94.04000091552734,615500
2020-07-16,94.4800033569336,94.4800033569336,91.81999969482422,92.91000366210938,92.91000366210938,378300
2020-07-17,93.27999877929688,93.79000091552734,92.08000183105469,92.66000366210938,92.66000366210938,410100
2020-07-20,92.68000030517578,94.93000030517578,92.01000213623047,93.31999969482422,93.31999969482422,674100
2020-07-21,95.0,95.0199966430664,92.73999786376953,93.12000274658203,93.12000274658203,684300
2020-07-22,93.55000305175781,93.55000305175781,90.91000366210938,91.6500015258789,91.6500015258789,836800
2020-07-23,91.48999786376953,92.79000091552734,90.58000183105469,91.20999908447266,91.20999908447266,868000
2020-07-24,90.44999694824219,91.13999938964844,88.95999908447266,89.45999908447266,89.45999908447266,722500
2020-07-27,89.33999633789062,90.0,87.22000122070312,87.33000183105469,87.33000183105469,771800
2020-07-28,87.77999877929688,89.45999908447266,87.30000305175781,87.43000030517578,87.43000030517578,698800
2020-07-29,87.63999938964844,89.5,86.73999786376953,89.13999938964844,89.13999938964844,569900
2020-07-30,87.80000305175781,89.33000183105469,86.88999938964844,86.88999938964844,86.88999938964844,911600
2020-07-31,87.38999938964844,87.87999725341797,85.54000091552734,87.69999694824219,87.69999694824219,1113800
2020-08-03,86.91999816894531,88.29000091552734,85.1500015258789,86.33000183105469,86.33000183105469,862900
2020-08-04,87.13999938964844,88.19999694824219,85.58000183105469,85.58000183105469,85.58000183105469,872400
2020-08-05,86.3499984741211,87.95999908447266,85.25,86.66999816894531,86.66999816894531,1061400
2020-08-06,86.54000091552734,88.26000213623047,85.0,85.0,85.0,931900
2020-08-07,85.16000366210938,88.38999938964844,85.0,88.05999755859375,88.05999755859375,883500
2020-08-10,87.91000366210938,87.94000244140625,85.54000091552734,85.54000091552734,85.54000091552734,1063800
2020-08-11,86.47000122070312,88.91000366210938,86.3499984741211,88.81999969482422,88.81999969482422,878000
2020-08-12,88.5199966430664,89.56999969482422,86.81999969482422,86.81999969482422,86.81999969482422,751700
2020-08-13,87.05999755859375,87.5199966430664,86.13999938964844,86.23999786376953,86.23999786376953,397100
2020-08-14,86.11000061035156,88.26000213623047,86.06999969482422,88.26000213623047,88.26000213623047,616900
2020-08-17,88.5999984741211,90.26000213623047,88.01000213623047,89.81999969482422,89.81999969482422,774000
2020-08-18,89.97000122070312,90.69999694824219,89.16000366210938,90.18000030517578,90.18000030517578,719700
2020-08-19,90.76000213623047,91.0,88.91000366210938,89.0199966430664,89.0199966430664,780700
2020-08-20,88.66000366210938,90.30999755859375,88.58000183105469,89.62000274658203,89.62000274658203,554700
2020-08-21,89.05000305175781,92.37999725341797,89.01000213623047,91.63999938964844,91.63999938964844,1147400
2020-08-24,92.48999786376953,93.30000305175781,91.54000091552734,92.69000244140625,92.69000244140625,717400
2020-08-25,92.87999725341797,92.95999908447266,90.12000274658203,90.5999984741211,90.5999984741211,1066400
2020-08-26,90.05999755859375,94.2699966430664,89.5999984741211,91.2300033569336,91.2300033569336,896800
2020-08-27,90.58000183105469,92.91000366210938,90.58000183105469,92.41000366210938,92.41000366210938,687000
2020-08-28,93.33000183105469,93.33000183105469,91.43000030517578,91.75,91.75,639100
2020-08-31,92.5199966430664,92.68000030517578,89.94999694824219,91.79000091552734,91.79000091552734,886500
2020-09-01,91.19999694824219,91.19999694824219,88.22000122070312,90.06999969482422,90.06999969482422,736900
2020-09-02,89.72000122070312,91.13999938964844,88.01000213623047,88.47000122070312,88.47000122070312,823700
2020-09-03,88.95999908447266,90.47000122070312,88.5999984741211,89.80000305175781,89.80000305175781,868200
2020-09-04,89.61000061035156,92.16000366210938,89.06999969482422,91.02999877929688,91.02999877929688,970100
2020-09-08,90.3499984741211,90.7300033569336,87.66999816894531,89.66999816894531,89.66999816894531,1034300
2020-09-09,90.0199966430664,91.4800033569336,89.18000030517578,89.94999694824219,89.94999694824219,741300
2020-09-10,90.02999877929688,90.80000305175781,87.06999969482422,87.08999633789062,87.08999633789062,1037200
2020-09-11,87.6500015258789,88.9000015258789,87.29000091552734,88.8499984741211,88.8499984741211,949000
2020-09-14,89.43000030517578,90.52999877929688,88.62999725341797,89.94000244140625,89.94000244140625,639800
2020-09-15,89.43000030517578,90.87999725341797,89.01000213623047,89.61000061035156,89.61000061035156,546500
2020-09-16,89.69999694824219,91.0999984741211,89.6500015258789,90.55999755859375,90.55999755859375,748600
2020-09-17,90.05999755859375,91.45999908447266,88.73999786376953,88.94000244140625,88.94000244140625,587300
2020-09-18,88.70999908447266,90.8499984741211,87.62999725341797,90.8499984741211,90.8499984741211,1647600
2020-09-21,90.30000305175781,90.8499984741211,89.13999938964844,90.0,90.0,1124600
2020-09-22,89.62999725341797,90.61000061035156,88.95999908447266,89.83999633789062,89.83999633789062,898100
2020-09-23,89.08000183105469,91.6500015258789,88.01000213623047,89.06999969482422,89.06999969482422,1672700
2020-09-24,88.43000030517578,90.08000183105469,88.04000091552734,89.30000305175781,89.30000305175781,574100
2020-09-25,88.62999725341797,89.7300033569336,88.33999633789062,89.69999694824219,89.69999694824219,452100
2020-09-28,90.4800033569336,91.56999969482422,88.83999633789062,89.0,89.0,519800
2020-09-29,89.26000213623047,90.56999969482422,83.79000091552734,86.88999938964844,86.88999938964844,1329300
2020-09-30,87.68000030517578,88.91999816894531,86.66000366210938,87.73999786376953,87.73999786376953,879200
2020-10-01,88.5,88.94999694824219,87.16000366210938,88.58999633789062,88.58999633789062,613200
2020-10-02,87.29000091552734,88.23999786376953,86.77999877929688,87.48999786376953,87.48999786376953,547900
2020-10-05,89.2300033569336,89.37000274658203,87.7300033569336,87.83000183105469,87.83000183105469,753000
2020-10-06,88.1500015258789,88.69999694824219,86.31999969482422,86.83999633789062,86.83999633789062,658900
2020-10-07,87.76000213623047,88.0,84.3499984741211,84.88999938964844,84.88999938964844,915000
2020-10-08,85.87999725341797,86.37999725341797,84.8499984741211,85.02999877929688,85.02999877929688,1007100
2020-10-09,85.88999938964844,85.88999938964844,84.77999877929688,85.36000061035156,85.36000061035156,770100
2020-10-12,85.4000015258789,85.61000061035156,84.02999877929688,84.4800033569336,84.4800033569336,719400
2020-10-13,84.22000122070312,84.45999908447266,83.69999694824219,84.20999908447266,84.20999908447266,862900
2020-10-14,84.37000274658203,84.8499984741211,83.83000183105469,84.58000183105469,84.58000183105469,1235100
2020-10-15,83.58000183105469,84.48999786376953,83.58000183105469,83.75,83.75,1117100
2020-10-16,85.30000305175781,85.30000305175781,83.58000183105469,83.9000015258789,83.9000015258789,1334000
2020-10-19,84.3499984741211,84.3499984741211,81.97000122070312,81.98999786376953,81.98999786376953,732200
2020-10-20,82.0199966430664,82.1500015258789,81.0,81.7300033569336,81.7300033569336,1431200
2020-10-21,81.27999877929688,81.7699966430664,80.0999984741211,80.0999984741211,80.0999984741211,1045100
2020-10-22,80.44000244140625,81.5199966430664,79.9000015258789,80.73999786376953,80.73999786376953,1279900
2020-10-23,81.22000122070312,82.0999984741211,80.5,81.72000122070312,81.72000122070312,1947800
2020-10-26,81.0,81.69999694824219,79.80000305175781,80.62999725341797,80.62999725341797,670000
2020-10-27,80.47000122070312,81.9800033569336,80.26000213623047,81.30000305175781,81.30000305175781,730600
2020-10-28,80.12000274658203,80.72000122070312,78.04000091552734,78.47000122070312,78.47000122070312,1000900
2020-10-29,78.2300033569336,79.72000122070312,77.62999725341797,79.22000122070312,79.22000122070312,681600
2020-10-30,80.0,83.16999816894531,79.80999755859375,81.29000091552734,81.29000091552734,1162200
2020-11-02,82.0,84.87999725341797,82.0,83.37000274658203,83.37000274658203,827900
2020-11-03,85.0,86.80999755859375,84.5999984741211,86.73999786376953,86.73999786376953,1033500
2020-11-04,85.94000244140625,88.44000244140625,85.94000244140625,87.0,87.0,1048900
2020-11-05,87.4800033569336,88.16000366210938,82.5,83.05000305175781,83.05000305175781,1064700
2020-11-06,83.30000305175781,85.04000091552734,82.55000305175781,84.6500015258789,84.6500015258789,638500
2020-11-09,87.69999694824219,89.66000366210938,86.76000213623047,87.19999694824219,87.19999694824219,1024000
2020-11-10,87.0999984741211,87.9800033569336,85.4000015258789,86.04000091552734,86.04000091552734,891500
2020-11-11,86.5199966430664,88.25,85.2699966430664,88.06999969482422,88.06999969482422,770700
2020-11-12,87.6500015258789,87.95999908447266,85.16000366210938,86.18000030517578,86.18000030517578,454800
2020-11-13,87.12999725341797,87.97000122070312,86.69999694824219,87.6500015258789,87.6500015258789,459900
2020-11-16,88.33000183105469,89.54000091552734,87.25,88.2300033569336,88.2300033569336,632500
2020-11-17,87.91999816894531,87.91999816894531,86.47000122070312,86.80000305175781,86.80000305175781,536200
2020-11-18,87.19999694824219,88.79000091552734,86.52999877929688,88.66000366210938,88.66000366210938,696900
2020-11-19,88.9000015258789,90.8499984741211,87.45999908447266,89.91000366210938,89.91000366210938,729900
2020-11-20,89.62000274658203,90.7300033569336,88.69999694824219,89.94000244140625,89.94000244140625,892000
2020-11-23,90.08999633789062,92.58999633789062,89.54000091552734,92.58999633789062,92.58999633789062,768200
2020-11-24,92.73999786376953,94.5199966430664,91.13999938964844,92.0199966430664,92.0199966430664,1452900
2020-11-25,91.54000091552734,91.94000244140625,89.47000122070312,91.80999755859375,91.80999755859375,918500
2020-11-27,91.80000305175781,92.68000030517578,91.16999816894531,91.70999908447266,91.70999908447266,453800
2020-11-30,91.62000274658203,91.73999786376953,88.91000366210938,91.31999969482422,91.31999969482422,992900
2020-12-01,91.70999908447266,93.44999694824219,91.37000274658203,93.44999694824219,93.44999694824219,847700
2020-12-02,92.79000091552734,93.76000213623047,92.20999908447266,93.7300033569336,93.7300033569336,860200
2020-12-03,93.43000030517578,93.55999755859375,91.0999984741211,93.19000244140625,93.19000244140625,866200
2020-12-04,93.20999908447266,94.0,91.7699966430664,93.16000366210938,93.16000366210938,1035300
2020-12-07,92.30000305175781,93.7699966430664,92.08999633789062,93.5199966430664,93.5199966430664,541300
2020-12-08,92.91000366210938,93.33000183105469,91.36000061035156,91.36000061035156,91.36000061035156,646100
2020-12-09,91.77999877929688,92.36000061035156,87.88999938964844,88.87999725341797,88.87999725341797,1109500
2020-12-10,87.93000030517578,89.05999755859375,86.62000274658203,86.94000244140625,86.94000244140625,891800
2020-12-11,86.2699966430664,86.9000015258789,84.6500015258789,85.97000122070312,85.97000122070312,990600
2020-12-14,86.44999694824219,88.98999786376953,85.72000122070312,88.25,88.25,872000
2020-12-15,88.80999755859375,91.12999725341797,88.30000305175781,90.77999877929688,90.77999877929688,870000
2020-12-16,91.36000061035156,91.8499984741211,90.0199966430664,90.43000030517578,90.43000030517578,536900
2020-12-17,90.7300033569336,92.11000061035156,89.1500015258789,89.54000091552734,89.54000091552734,872700
2020-12-18,89.88999938964844,91.16000366210938,88.72000122070312,90.77999877929688,90.77999877929688,1957400
2020-12-21,90.16000366210938,90.62000274658203,89.08000183105469,90.26000213623047,90.26000213623047,654200
2020-12-22,90.37000274658203,91.11000061035156,89.95999908447266,90.70999908447266,90.70999908447266,535000
2020-12-23,91.27999877929688,91.80999755859375,91.05999755859375,91.0999984741211,91.0999984741211,500500
2020-12-24,90.94999694824219,92.11000061035156,90.91999816894531,92.05000305175781,92.05000305175781,201100
2020-12-28,92.16999816894531,93.75,92.06999969482422,93.30000305175781,93.30000305175781,460100
2020-12-29,93.70999908447266,93.94999694824219,91.16999816894531,91.66000366210938,91.66000366210938,515900
2020-12-30,91.97000122070312,92.9000015258789,91.66000366210938,92.62000274658203,92.62000274658203,417000
2020-12-31,92.08000183105469,93.12999725341797,91.04000091552734,93.12000274658203,93.12000274658203,547600
2021-01-04,92.88999938964844,94.04000091552734,92.52999877929688,92.61000061035156,92.61000061035156,717600
2021-01-05,93.16000366210938,93.80000305175781,92.04000091552734,92.55000305175781,92.55000305175781,603300
2021-01-06,93.5999984741211,95.47000122070312,92.3499984741211,95.47000122070312,95.47000122070312,919700
2021-01-07,95.41000366210938,96.94999694824219,95.31999969482422,96.79000091552734,96.79000091552734,696200
2021-01-08,96.79000091552734,99.16999816894531,96.72000122070312,98.80999755859375,98.80999755859375,711000
2021-01-11,98.70999908447266,99.97000122070312,97.05999755859375,99.80000305175781,99.80000305175781,748300
2021-01-12,100.0,101.5999984741211,99.55000305175781,101.0199966430664,101.0199966430664,721500
2021-01-13,100.81999969482422,101.51000213623047,97.19999694824219,97.37999725341797,97.37999725341797,1129100
2021-01-14,97.62999725341797,97.69000244140625,94.73999786376953,95.77999877929688,95.77999877929688,883100
2021-01-15,96.12999725341797,96.72000122070312,95.36000061035156,96.61000061035156,96.61000061035156,578900
2021-01-19,96.80000305175781,98.56999969482422,96.4800033569336,97.44999694824219,97.44999694824219,690200
2021-01-20,97.38999938964844,98.43000030517578,97.22000122070312,97.5,97.5,729900
2021-01-21,97.29000091552734,97.44999694824219,94.88999938964844,96.08000183105469,96.08000183105469,548200
2021-01-22,96.01000213623047,96.01000213623047,94.93000030517578,95.19999694824219,95.19999694824219,479800
2021-01-25,95.19000244140625,95.87999725341797,93.5999984741211,95.58999633789062,95.58999633789062,462600
2021-01-26,95.08000183105469,96.6500015258789,94.33000183105469,95.7300033569336,95.7300033569336,632900
2021-01-27,95.2300033569336,95.56999969482422,91.04000091552734,91.55999755859375,91.55999755859375,1084000
2021-01-28,91.51000213623047,94.31999969482422,91.06999969482422,92.5199966430664,92.5199966430664,645800
2021-01-29,92.4800033569336,92.75,90.16999816894531,91.7300033569336,91.7300033569336,633800
2021-02-01,92.16000366210938,94.95999908447266,91.9000015258789,94.94999694824219,94.94999694824219,683100
2021-02-02,95.9800033569336,98.66000366210938,95.9800033569336,97.48999786376953,97.48999786376953,912900
2021-02-03,96.04000091552734,98.16999816894531,94.80999755859375,95.3499984741211,95.3499984741211,645700
2021-02-04,95.02999877929688,96.68000030517578,94.26000213623047,95.12000274658203,95.12000274658203,693200
2021-02-05,93.08000183105469,94.13999938964844,89.08999633789062,89.55999755859375,89.55999755859375,1714700
2021-02-08,90.9000015258789,92.33999633789062,88.94999694824219,92.01000213623047,92.01000213623047,1263400
2021-02-09,92.43000030517578,92.9000015258789,91.08999633789062,92.13999938964844,92.13999938964844,728800
2021-02-10,92.0,92.45999908447266,89.98999786376953,90.29000091552734,90.29000091552734,692300
2021-02-11,90.44000244140625,90.44000244140625,87.9800033569336,88.0,88.0,683400
2021-02-12,88.0,89.4800033569336,87.0,89.38999938964844,89.38999938964844,811000
2021-02-16,90.5999984741211,96.97000122070312,90.13999938964844,96.83999633789062,96.83999633789062,1791200
2021-02-17,96.44000244140625,97.19999694824219,95.2699966430664,96.0199966430664,96.0199966430664,877100
2021-02-18,95.43000030517578,101.13999938964844,95.08000183105469,99.58999633789062,99.58999633789062,1535500
2021-02-19,100.12000274658203,100.70999908447266,96.12000274658203,96.22000122070312,96.22000122070312,1213100
2021-02-22,96.16000366210938,97.47000122070312,95.2699966430664,96.11000061035156,96.11000061035156,762400
2021-02-23,95.70999908447266,97.83000183105469,94.41000366210938,97.51000213623047,97.51000213623047,867500
2021-02-24,97.94000244140625,102.26000213623047,97.66999816894531,100.37999725341797,100.37999725341797,1090200
2021-02-25,99.9800033569336,101.56999969482422,99.76000213623047,100.0,100.0,690900
2021-02-26,99.23999786376953,100.55000305175781,97.13999938964844,98.95999908447266,98.95999908447266,981100
2021-03-01,100.06999969482422,102.33999633789062,98.33000183105469,100.31999969482422,100.31999969482422,888800
2021-03-02,100.05999755859375,101.19999694824219,97.5,97.62000274658203,97.62000274658203,848000
2021-03-03,98.2699966430664,99.0,96.0199966430664,96.0199966430664,96.0199966430664,726600
2021-03-04,97.45999908447266,100.05000305175781,97.02999877929688,98.22000122070312,98.22000122070312,723800
2021-03-05,97.58999633789062,106.87999725341797,97.58999633789062,104.63999938964844,104.63999938964844,1770000
2021-03-08,105.9000015258789,106.91999816894531,103.30999755859375,105.37999725341797,105.37999725341797,684700
2021-03-09,105.36000061035156,106.5,102.6500015258789,103.75,103.75,678500
2021-03-10,106.0999984741211,106.0999984741211,102.30000305175781,103.48999786376953,103.48999786376953,441300
2021-03-11,103.19000244140625,103.75,101.38999938964844,102.66000366210938,102.66000366210938,371800
2021-03-12,104.05000305175781,104.33999633789062,102.87999725341797,104.33999633789062,104.33999633789062,487700
2021-03-15,103.70999908447266,105.0,102.86000061035156,104.80000305175781,104.80000305175781,375700
2021-03-16,104.73999786376953,105.3499984741211,102.5999984741211,103.19000244140625,103.19000244140625,383400
2021-03-17,103.58000183105469,105.12999725341797,103.02999877929688,103.79000091552734,103.79000091552734,517100
2021-03-18,103.7300033569336,105.12000274658203,102.4000015258789,102.4000015258789,102.4000015258789,478200
2021-03-19,102.83999633789062,103.5199966430664,101.5199966430664,102.06999969482422,102.06999969482422,1526100
2021-03-22,101.19000244140625,101.4800033569336,99.73999786376953,100.98999786376953,100.98999786376953,599000
2021-03-23,100.33999633789062,101.95999908447266,99.66000366210938,101.6500015258789,101.6500015258789,524400
2021-03-24,102.0,103.68000030517578,101.7300033569336,103.05999755859375,103.05999755859375,492000
2021-03-25,103.2300033569336,103.44999694824219,98.62999725341797,98.94999694824219,98.94999694824219,987000
2021-03-26,99.29000091552734,99.8499984741211,96.2699966430664,97.72000122070312,97.72000122070312,986100
2021-03-29,98.08000183105469,99.36000061035156,97.08000183105469,99.16000366210938,99.16000366210938,607100
2021-03-30,98.79000091552734,99.7300033569336,96.69999694824219,97.19999694824219,97.19999694824219,534900
2021-03-31,96.75,99.19000244140625,96.44000244140625,98.69000244140625,98.69000244140625,649200
2021-04-01,99.20999908447266,101.52999877929688,98.0999984741211,100.86000061035156,100.86000061035156,591900
2021-04-05,100.83999633789062,101.87999725341797,100.16999816894531,101.51000213623047,101.51000213623047,387600
2021-04-06,101.63999938964844,101.88999938964844,99.83999633789062,99.83999633789062,99.83999633789062,336000
2021-04-07,99.3499984741211,100.83999633789062,99.04000091552734,100.26000213623047,100.26000213623047,431300
2021-04-08,100.04000091552734,101.5,98.80000305175781,99.36000061035156,99.36000061035156,375100
2021-04-09,100.04000091552734,101.11000061035156,99.56999969482422,100.08999633789062,100.08999633789062,509000
2021-04-12,100.0,101.62000274658203,99.62000274658203,101.41999816894531,101.41999816894531,375400
2021-04-13,100.68000030517578,102.4800033569336,100.4800033569336,100.98999786376953,100.98999786376953,373100
2021-04-14,101.52999877929688,102.94999694824219,100.69000244140625,101.86000061035156,101.86000061035156,499300
2021-04-15,101.44999694824219,104.69000244140625,101.44999694824219,103.5,103.5,534000
2021-04-16,104.37000274658203,104.76000213623047,103.30000305175781,104.72000122070312,104.72000122070312,365500
2021-04-19,104.13999938964844,105.36000061035156,102.66000366210938,103.69999694824219,103.69999694824219,397100
2021-04-20,103.87999725341797,105.5,103.70999908447266,104.27999877929688,104.27999877929688,434200
2021-04-21,104.38999938964844,105.48999786376953,103.22000122070312,104.98999786376953,104.98999786376953,409200
2021-04-22,104.75,105.63999938964844,103.80999755859375,104.30000305175781,104.30000305175781,335800
2021-04-23,104.30000305175781,105.2300033569336,103.55999755859375,104.37000274658203,104.37000274658203,431700
2021-04-26,103.87999725341797,105.52999877929688,103.52999877929688,104.94000244140625,104.94000244140625,523700
2021-04-27,105.30000305175781,105.69999694824219,103.94000244140625,103.9800033569336,103.9800033569336,317900
2021-04-28,104.41999816894531,104.45999908447266,101.62000274658203,102.70999908447266,102.70999908447266,398600
2021-04-29,103.12000274658203,103.61000061035156,100.52999877929688,103.33999633789062,103.33999633789062,530000
2021-04-30,103.54000091552734,107.7699966430664,102.04000091552734,104.37000274658203,104.37000274658203,796200
2021-05-03,105.79000091552734,109.2300033569336,104.80999755859375,106.76000213623047,106.76000213623047,636200
2021-05-04,106.1500015258789,108.26000213623047,105.3499984741211,107.91000366210938,107.91000366210938,561400
2021-05-05,108.5199966430664,109.7300033569336,108.16000366210938,109.63999938964844,109.63999938964844,404000
2021-05-06,109.3499984741211,110.55000305175781,107.13999938964844,107.23999786376953,107.23999786376953,479400
2021-05-07,104.80000305175781,108.58999633789062,104.80000305175781,108.0999984741211,108.0999984741211,416800
2021-05-10,108.13999938964844,111.56999969482422,108.11000061035156,110.62999725341797,110.62999725341797,437400
2021-05-11,110.7300033569336,110.94000244140625,109.02999877929688,109.52999877929688,109.52999877929688,777100
2021-05-12,108.9800033569336,111.91999816894531,108.37000274658203,111.16000366210938,111.16000366210938,676400
2021-05-13,112.0,116.38999938964844,111.48999786376953,113.66000366210938,113.66000366210938,826600
2021-05-14,113.47000122070312,115.44999694824219,112.63999938964844,113.83000183105469,113.83000183105469,556300
2021-05-17,113.94999694824219,113.94999694824219,112.04000091552734,112.63999938964844,112.63999938964844,316500
2021-05-18,112.37000274658203,112.37000274658203,109.91000366210938,109.91000366210938,109.91000366210938,556100
2021-05-19,109.41999816894531,113.05999755859375,108.27999877929688,111.5999984741211,111.5999984741211,723200
2021-05-20,110.52999877929688,113.41999816894531,110.52999877929688,111.77999877929688,111.77999877929688,271300
2021-05-21,111.37999725341797,112.91999816894531,110.62999725341797,111.4000015258789,111.4000015258789,351600
2021-05-24,112.58999633789062,112.6500015258789,110.0199966430664,110.06999969482422,110.06999969482422,452400
2021-05-25,111.12000274658203,111.62999725341797,109.05999755859375,109.7699966430664,109.7699966430664,484600
2021-05-26,110.11000061035156,111.76000213623047,109.69000244140625,110.47000122070312,110.47000122070312,439700
2021-05-27,110.44999694824219,110.94999694824219,109.37999725341797,110.2300033569336,110.2300033569336,549600
2021-05-28,110.16999816894531,112.06999969482422,109.43000030517578,111.30000305175781,111.30000305175781,533200
2021-06-01,112.45999908447266,113.08000183105469,110.08000183105469,110.62999725341797,110.62999725341797,320567
